20 25 4
17 20 6
7 25 0
18 19 30
23 26 0
11 22 0
0 17 2
12 17 4
13 20 0
4 5 22
5 24 0
6 23 0
7 22 0
8 12 0
10 14 0
8 18 8
11 15 0
9 19 0
1 21 0
2 18 0
0 14 6
3 11 0
1 15 0
4 12 2
2 12 0
3 17 0
6 14 10
7 15 0
20 21 8
17 24 0
8 25 0
9 20 4
14 19 2
10 19 0
11 26 0
0 5 2
4 11 0
2 7 2
5 10 0
3 22 0
4 17 0
5 20 16
16 20 4
18 22 4
14 26 0
10 26 0
15 19 0
11 19 0
12 20 0
1 25 0
13 25 0
4 24 0
6 18 2
21 26 0
15 24 0
0 19 0
12 19 2
1 18 4
13 18 0
2 25 0
0 9 4
3 4 6
4 7 0
5 6 10
6 21 12
7 16 10
16 24 0
8 14 0
9 15 0
10 12 2
8 20 0
9 17 0
10 22 0
2 16 4
3 13 0
1 13 0
4 14 0
2 10 0
5 15 0
3 19 0
6 12 4
4 20 16
19 20 6
7 9 6
20 23 0
21 22 2
9 26 0
14 17 0
10 17 0
15 20 2
0 7 6
1 6 0
2 5 2
5 8 2
3 24 0
6 7 18
4 19 0
5 18 0
16 22 10
6 25 0
17 23 0
18 20 8
23 25 2
14 24 6
10 24 0
11 21 2
12 22 0
13 23 0
4 26 0
6 16 4
21 24 0
7 21 12
22 23 10
8 9 14
15 26 0
0 21 0
12 13 8
1 16 0
13 16 4
2 23 0
0 11 0
3 6 2
1 10 2
6 11 6
7 18 0
16 26 0
9 13 4
8 22 4
9 23 0
24 25 6
10 20 0
11 25 0
0 2 4
3 15 0
1 3 6
4 8 10
2 8 0
5 13 2
3 21 0
4 22 0
19 22 0
7 11 2
5 23 2
16 17 8
9 24 2
14 23 0
15 22 2
0 25 0
12 25 0
1 4 2
2 3 10
3 26 0
5 16 0
20 24 4
17 21 0
11 23 0
0 16 0
12 16 6
13 21 0
2 26 0
5 25 0
6 22 6
7 23 0
8 11 4
9 10 2
8 17 2
11 12 4
0 23 0
12 15 0
1 22 2
13 14 38
2 21 0
0 13 0
3 8 0
1 8 0
2 15 4
6 9 2
7 12 0
17 25 0
8 24 0
9 21 0
14 18 0
10 18 0
25 26 0
0 4 6
4 10 0
2 6 2
5 11 4
3 23 0
4 16 4
19 24 0
5 21 8
16 19 0
6 26 0
17 18 12
22 25 12
18 25 0
14 21 8
15 16 46
11 16 8
1 26 0
13 26 0
20 26 0
7 24 0
15 25 0
0 18 0
12 18 0
1 19 4
13 19 2
2 24 0
0 8 0
3 5 0
4 6 0
5 7 0
6 20 4
7 17 0
8 13 0
10 15 0
8 19 2
11 14 0
9 18 12
1 20 4
2 19 4
0 15 6
3 10 2
1 14 0
4 13 0
2 13 0
3 16 2
6 15 4
19 21 4
7 14 2
20 22 14
21 23 0
8 26 0
14 16 10
10 16 0
15 21 4
0 6 2
1 7 0
2 4 2
5 9 0
3 25 0
4 18 2
19 26 0
5 19 4
16 21 20
6 24 2
18 23 0
15 18 0
11 18 0
12 21 0
1 24 0
13 24 0
4 25 0
6 19 0
21 25 0
7 26 0
0 20 6
1 17 0
13 17 0
2 22 0
0 10 0
3 7 2
1 11 0
6 10 0
7 19 0
16 25 10
8 15 2
9 14 0
10 13 2
8 21 0
9 16 10
14 15 10
10 23 0
2 17 0
0 1 24
3 12 10
1 12 0
4 15 0
2 11 0
5 14 18
3 18 0
6 13 0
4 21 4
19 23 0
7 8 10
22 26 0
18 26 0
9 25 8
14 22 8
15 23 2
0 24 0
12 24 0
1 5 2
5 17 0
16 23 0
17 22 0
18 21 6
23 24 6
14 25 0
10 25 0
11 20 0
12 23 0
13 22 0
5 26 0
6 17 2
7 20 0
8 10 0
9 11 2
8 16 2
11 13 0
0 22 0
12 14 6
1 23 2
13 15 4
2 20 0
0 12 0
3 9 0
1 9 0
2 14 0
6 8 6
7 13 0
17 26 0
9 12 6
10 11 8
8 23 0
9 22 0
24 26 2
10 21 0
11 24 0
0 3 2
3 14 0
1 2 24
4 9 6
2 9 0
5 12 2
3 20 0
4 23 0
19 25 0
7 10 0
5 22 0
16 18 2
17 19 2
22 24 0
18 24 2
14 20 4
15 17 2
11 17 0
0 26 0
12 26 0
