664420352
679746546
664420249
4177494018
674059427
674059425
4177494014
662339587
60796645
675748905
621993997
667277590
599131258
621993957
654172185
654193251
654172189
3799581324
599141439
654172190
324703428
403816067
2095726275
3996590126
3996590125
1316756487
679010365
672791513
621809121
679010370
679010367
3085648503
679010368
1280868420
1280868419
3610826712
654148521
679010373
672790064
672789721
679010372
679010375
672789719
5424881747
1683151524
5424881743
5424881748
3774751801
5424881750
644620373
2015103091
667762377
618266710
666859689
678334629
678334788
3799580283
3799581312
1924788441
3799579145
635117662
2066330708
662864873
644620382
206597774
3742229765
644620386
683786337
683786334
644607675
4324745321
4324745312
4324745316
4324745329
255361132
1278079713
3893909450
642981996
642981997
1792664495
127657584
127657445
642982080
3192348781
403874820
3192348782
644617048
5133502775
642982001
1792664493
621835650
642982004
642982028
3752482620
2083152249
3822116980
3824991118
3781723165
642982026
642982036
2083152230
672596271
3752483629
5206941834
639804448
3752482615
5206941835
3752482622
639804416
2154029197
667761519
4082577087
642982031
1877145505
642982033
3896041616
4817223844
5297838626
2083152277
1877145512
3742220437
3742220438
3742215658
3742220439
3742220440
3742213241
60796751
654188697
654188699
2095719615
4196298158
1908190665
1908190659
4817223843
3964896717
642982051
3742289383
268931354
3192307875
3192307877
3192307876
619274621
3192307878
1839459826
4817223851
2034242896
4817223853
191799460
191794735
206593599
1235750071
206594222
678373045
1683151529
3774751852
2095726767
324702796
2095726769
324702794
642982064
60796774
3742192391
3742192429
324702665
324702728
1683120297
5583060009
1683120303
1683120301
1683120293
675994198
642982079
904991673
675889351
675890150
675889346
675889372
5424541444
2160901832
1039392992
5217865782
252537806
3993559265
617747872
5136285977
3993559258
4980187362
4980187373
4980173376
4980173363
675889397
1838393493
1838393523
675889402
5650135547
667762952
127658727
268931129
667762948
675889418
675890435
675889413
667762955
667762957
667762953
667762959
667762956
3799977149
2190789337
621822224
60796713
621835717
667761545
3830399256
266907986
3830399255
674684731
5136285973
3647856938
3610863709
1908190206
1908190198
4196298141
4196298146
4196298142
672596287
672596272
672596296
672596273
1877145499
672596281
672596279
1877145454
253022345
4177464779
672596283
672596285
5105301813
5510037822
5510037824
5510037821
5626788315
5510037823
5510037826
3172208280
5510037825
639804488
1877145463
639804497
5510037833
2560859827
5510037827
5510037836
60796648
653453153
5510037835
3803480402
672596769
2083152233
206594393
1683151522
2925773146
2077643786
665214513
1274137040
619274591
619274598
3646111628
681872201
4506239328
644608119
618543181
4506239332
672596320
672591931
672596342
639804505
644608075
672596324
5105301810
672596329
653129387
681899040
4011680781
127660840
1863871417
672793676
2152817006
621993776
666872920
2152817010
2083152241
4478372449
4478372454
3800084621
3136397688
3136350898
2328979167
639804403
2083152237
1934706175
3753206140
1908191042
3752462136
3753206135
635914020
2464933228
2015142280
667755903
4354715891
617169300
635778722
206592950
208540790
617171631
1877145472
3774705974
643015809
259648501
3774705977
619274658
1839459813
653129373
635914022
2083152299
667755902
635164616
2979684781
696463096
2979728518
2979684797
2083152302
675967412
1434072703
653148593
2093029550
653148590
653148591
696463097
653148592
2979684792
2979728523
2979728509
1431462331
653145914
3799580296
969057663
2083152318
618273530
1814511533
675889601
675889848
3979350884
1838393484
3799736775
1863456310
5261493138
3799736782
654176482
654187129
3799736783
206594514
269351926
206594633
269351924
665240022
259648440
127659196
3799736790
1908190554
654186908
3799736784
5133722092
1839445218
5133722091
5194441199
672771681
5375536069
5375536070
5333484028
127658062
5333484027
3832039364
5333484030
3832039758
3832039360
5333484029
5333484032
5333484031
3832039358
5333484034
4077041337
5333484033
5333484036
5333484042
5333484035
5333484038
5333484037
5333484040
3832039760
5333484039
5333484044
3832039366
5333484041
3343688203
3353596901
268931740
5333484043
3502137871
1235750073
1428448780
5256946191
60797349
5256946193
191799826
1963939809
3164371478
3186369046
3186369047
4046368474
191799833
127658568
5138823124
3191464505
3191464504
4798976657
3191464509
191799878
5278053145
191812187
619274824
646802662
2143730220
3362713160
639804521
672613449
682000972
682001040
682001037
653145959
2419532369
60796641
5375536094
2419532368
1908190256
1908190955
2074257314
1908190728
1908190192
1908190258
1908190932
1908191108
3799581346
4046406245
599141414
4410625300
4410625299
3085648489
672787179
672787173
3085648486
3816448619
3816448620
240378550
4328944046
1924790787
1924790785
654172782
1924790783
3799580317
4422645697
3085648495
667762099
672779565
3085648490
3648987760
3648987773
5272770101
670802545
3164314376
662866643
670802547
3954316991
3752462151
1908190654
681588278
2419532403
2419532404
2419528174
2419528176
191794675
3648987764
1863871393
5105301803
682001015
681829575
681829696
5105301799
5042555958
5028061818
5028061921
644610766
5028061814
3799581301
2083191906
3073680157
3799581308
662848126
1307349789
3993517284
3799579141
3799580267
3648987776
672789768
3799581315
1924788479
4196549248
4196419493
4196419495
4196549261
3799581323
3799581314
3799581329
3799898172
1280869006
91030442
1280869012
618534055
1280869010
665241266
3799581330
681551868
654187157
3799581332
1280869013
3610826710
191816344
673918243
673918240
129616067
3799581335
3954317097
3799898189
3799581333
3799581337
1908191039
3799898256
3799581341
653145822
938664605
325008948
938664622
3799581342
2408904866
654186978
654186935
5058708135
682740001
618700092
669217870
403874472
653145843
4199843007
4200237595
5058708137
3825207097
938664616
4199859616
3799898257
1908190587
4200239542
1908190314
2160837298
678343020
2160837300
1369195822
270333410
3307487922
681537156
324703432
313411339
654189234
2083533215
1133127263
240378551
969057655
654176570
4328924663
4328944073
240378558
5135403002
3799898183
240378561
4814709483
4814709482
2049663687
1369209676
3084209279
766428151
682001105
682001065
2648621788
3186505821
2648621808
682739974
5028061924
5028061819
5255491635
5028061922
2409497319
2409497237
2858762129
4937816459
91030247
91030299
643015399
643015414
643015409
313410279
5000284905
3073680168
1924788509
5000284901
3954317206
2648621816
61802647
643015422
667271929
667271926
643015418
2648621846
60797047
667271940
667271943
635850180
667271949
621954102
599131013
3073680145
2394815255
3073680147
3073680146
619259638
91031788
3073680155
1924788399
3073680156
3073680158
324702801
1924788400
3073680162
667271965
3822163593
635164725
2247695870
2247695871
4194771754
1908190695
2160858636
4194769733
3073680175
3799898162
3538138541
619176752
5152916556
644610771
644610790
3301622607
2097910549
646892443
1480092668
3301622608
645091816
403875010
4577776883
4577776881
2394815236
4577776885
667755377
60796767
60796779
667755385
667755378
2154044165
3416291126
667755381
3825202167
3343766422
599131011
599131012
253026176
599131014
599131020
599131018
599131016
599131019
4061971343
4061971337
3340898295
667777121
4061971347
637577354
621817303
4061971346
675890068
666892430
127658585
4061971349
667762090
621817298
4061971348
654148520
3825202161
672793557
313441154
672794466
672793582
662864863
5144579891
248608270
4798968762
1838393516
3231081896
5375536064
206595627
3191461221
662864874
127658294
3924374657
60796643
639804396
766428152
1280138189
766428156
1369209673
4324741183
262620156
3136316335
2464923164
4011682730
678373038
3638330372
678656242
3638330368
4678368701
639804423
639804428
672789755
672789751
4513240966
2000414533
4011680780
619195381
1877145470
2342929429
1252119891
2394815243
619263631
667272218
599131332
621954103
3774751889
5656625038
5656625039
3781723175
3824991117
3645629482
5184845299
3645629484
5363740457
3799955087
3188323724
3774751788
3774751790
639804463
674866757
674866754
674866760
3774751793
672600055
2247695840
2247712413
672613425
672613427
129616108
4444345299
672613428
672613431
620403350
3774751838
3781723192
3781723182
2681929088
5590829438
3774751855
621954107
635164699
675967050
672613433
672613434
672613475
5152916542
5152916538
5152916543
5152916551
3774751807
1683151523
673918227
5590842550
672613440
672613436
3742323081
672613443
678693865
672613447
3774751812
672600048
3774751813
672600049
3774751816
5152916552
672613448
642994675
644610788
672613537
678714010
672613492
672592568
3800084606
672613457
129616107
672613466
672613461
3774751820
672613507
643015812
4985254034
3742323059
3742323063
3774751831
129616156
3774751834
5425923159
5425923158
4991421337
191816795
1839445237
1839445248
4003483003
3774751836
268936779
3774751839
3774751835
269351909
3774751845
3774751841
3800084597
3774751843
3774751840
403874915
3528725850
3502153119
1480092683
4985254048
3774751844
3774751842
403874920
3528725849
2034242906
5340879529
672592616
127660871
3742213226
3742213227
3742192393
678343035
3742192395
2152924268
403875000
3800051567
635850065
3774751851
3774751854
3774751853
673918236
673918234
599131250
678373076
5590842534
4465447321
3774751858
667276044
5590842532
675967199
403874932
1985256189
644608069
3774751860
667277686
3822155367
599131254
5105301826
2077643762
3774751862
667276047
667276046
5590849220
3742213240
2329101434
3073783906
976676997
635909831
673080443
673080448
2131864630
3774751866
3774751867
1683151516
599131263
2077643764
3600138025
3800003061
5635884162
127658282
5635884169
5635884161
3617752195
3343735989
599131267
667278654
667277679
4010627208
673080449
3800003065
3800003064
3774751880
2077643771
3822161238
635164715
3964854161
5635884165
5635884171
2407680843
5635884189
5635884170
5635884173
1278079706
5635884172
5635884175
5635884177
5635884174
679007206
5635884176
5635884179
127658045
5635884178
599131275
667278659
599131273
667272640
3774751888
637633686
653109314
618279942
672613527
672613489
672613532
672613548
5635884187
679007204
5635884183
679004918
5635884188
672613538
672802171
672613539
599131299
599131336
599131307
675967040
672613542
637633701
1346379028
618286969
127660889
672613543
281864258
619026906
3895125153
654187185
3895125152
654187186
599131334
2077643784
403874990
618543130
3800051510
639804591
60797340
675994220
646873053
618726584
3781732854
618726586
2049590787
599131322
1838419688
1714980408
4814710056
4196421951
4196428545
403875011
618540121
2094306224
2094306204
667274856
667274852
635164732
5029825706
681872447
675967035
5510046924
667762086
644619340
5510046921
403815982
403815983
325663372
619201755
60797012
3556443371
3538180787
3556443375
665214509
2077643775
3742229772
1428440343
1480092699
4793220508
4980173407
644621600
674059403
4177494002
644621622
644621601
268931257
3800069143
672787163
127657253
127657312
662875960
4196443430
4195575396
4196439345
4196007181
4814710055
678343071
678335411
619201840
667278652
60798037
681829681
618534023
2425261168
2034206009
642971806
2034206233
4086334780
667757059
127657418
667759344
4086334782
4086334781
3538150716
3949425363
618540096
3538150718
5375518022
5375536097
5375518021
2419600689
5375518024
5375518026
5375518028
5375518023
5375518025
3924374659
5375518027
4086342990
3799979994
4478291051
3084209255
5375518030
5375518032
5375518029
5375518034
5375518033
4865865969
268931810
5375518031
2464933205
619297728
2464933216
3166483451
2034206037
2034206079
4177526162
642971802
3205658296
3205658322
2320511888
5363740460
3993511260
3993511259
618543221
5340879531
619734847
2083191689
683787619
1428445677
683787620
1428445671
653108582
269202175
618287000
127657322
60796731
2034206197
1839459818
2464933238
969057658
654176566
675890554
675890548
666881493
672802170
672777597
5028030264
672777601
672777610
2034206077
2034206025
667756352
667756367
2034206147
2034206221
672777638
672777639
667755906
667755910
667755908
667755905
672777604
672777608
3339929667
621993838
667755909
621993828
667755907
191792522
675904181
2077643752
5028030263
672777618
3355420036
2681923859
682739980
672802190
672802172
4580748384
672802188
672802185
672802192
672802182
5105301767
62783063
654176565
4328924652
2034206109
2034206119
4199859611
1908191010
4177526161
2034206212
4568122790
3799898239
3799898216
3799898225
2394811102
2394811151
403816031
403816057
675890606
1838393514
675890598
654176571
3799693378
4046407231
672787167
672787158
672787171
4568295121
2394811103
2394811175
678471090
643017411
2034206135
667756619
2034206128
2034206022
672802239
672798181
672798177
672802242
2034206144
3822208450
3822200352
2681918779
674059430
619035576
678471113
678471112
674880233
642994307
667757055
3964896716
652533088
3964910415
672787172
672787169
674866640
674866639
3752482613
2034206164
3742258492
2034206215
4304782805
654193258
2546744851
2394811110
403816051
403816059
2394811124
675890649
1838393480
3677709796
3677709795
663255251
1683204291
4328924651
4624585754
5058440372
675890671
675890940
3784216021
4328924657
1924788443
4328944074
4328924658
4328924659
599141424
3188336116
3205658311
3188336119
5363740466
3188345265
5363740458
675890678
675890882
4515020715
3188336121
403816081
3188336126
4328924665
2105371083
3205658306
651703289
667756616
1235750051
1235750059
5490514280
1428448783
1235750079
1235750062
2174786547
2034206231
667756614
2034206176
2034206238
673996054
662305991
2034206245
248608284
259652390
4798976659
1838419681
191792698
675967282
599132988
674866749
674866748
675890751
675891030
675890767
675891088
674866752
1148012525
674866759
5556873235
60797037
673918220
312919628
1924788360
403816056
403816052
666852574
675891019
313411158
3187866785
3187822041
91031133
91170617
682694085
5285406303
654186845
1908191049
2074266496
1908190476
4195575398
4195575413
3799898301
4195575429
268936808
191813176
626487822
268936809
268936811
666903979
4572808812
4572845507
4574273313
3752482618
667757057
675890806
253026147
675890794
3799898309
678315641
269351943
678315645
678315643
678315644
666852447
666852440
3993490678
678315653
678315647
91031171
91031361
681527552
4196445739
4196460624
679749256
646796985
619732389
682722952
682722965
666896017
1838393522
675890834
675890824
4515020741
191792788
2077643783
675967386
618700103
674875046
672613498
672613504
1877145450
642982047
618309296
678343030
678343043
667276045
1683151521
666896054
665214473
1434098803
635111100
618096975
3808874254
2481055424
2481055431
3799980035
2481055440
2481055451
619259591
1863456350
619259646
635111115
269351945
191792843
2077643765
599132990
637570060
3752482616
672787164
3774751830
3774751829
673918218
91031254
91031708
3073676023
679749338
618279941
1346377753
1346379027
2076894957
1908190783
3799898280
2076894960
2076894958
1908190663
1908190625
1908190764
2076894961
1908190631
4196492964
269351901
672592643
672600071
2546744802
5499217661
1480092681
3943615894
403816037
191792898
191793257
1274137038
313411335
599141434
654166210
635901000
313411337
3799693335
654193249
654193254
654187177
313411340
681551875
3187821088
3187822048
667756302
667756306
60796743
5399316247
618532491
5399316254
635914018
3150410543
2091860038
635914019
619297681
1839459856
127658263
675890982
666881145
127657770
679004911
269202454
621954101
3822168970
1645513795
5028030257
5028030261
5404119346
5404119345
5028030262
644610777
5404119348
5404119354
682694081
682694105
621954111
127657790
679004916
619734878
619732375
91031378
91031676
91031658
621954106
620388864
5602539618
1676479569
1683204288
1908190320
1839445238
60796740
667756379
91031387
403815972
3774751856
673918212
3774751857
673918216
675891057
4709558104
679007196
4709558096
667756382
667756383
5037942619
674880256
1683151528
642994318
91031389
91031394
91031740
667756395
1839459803
1839459852
679008488
91031400
91031741
91031732
325663373
91031409
682685548
2049675490
667756389
269351942
91031447
4967065459
2094306193
5220461443
2049615733
127658560
666892447
1434071345
667755408
637554767
620382088
2418775961
620382092
1434071347
667755409
637554742
2074257289
654187034
4197208385
3954317297
2074257329
681977743
1131862364
1131862349
3799897956
681977893
666852464
5042554770
5205505667
672789726
5042554767
5042554772
672790066
5042554774
5042554771
5042554773
3186417204
2074257302
1908190378
1908191044
1908191047
1908190717
2074257306
2074257333
1908190671
2074257331
2074257309
2074257327
2074257312
1908190856
1908190366
3954317294
1908190526
4572417572
3774751872
5556844619
635850074
635850041
4196406809
4196406812
1683146667
5590829445
4177495982
4177495984
5490514273
4177495983
5490514272
191793073
620384458
253026223
4177495986
4177493993
4177495985
252537807
3753188290
4197208742
2074257335
653145820
1908190617
3774751876
3774751875
3774751878
1683151514
1908190412
4196444088
4196007187
4196444087
3832039357
3832039362
3832039359
3832039361
3832039363
646768582
3832039365
3774751877
681977803
681872075
681978077
3774751881
5556873233
269351913
5105301788
5105301789
681527270
653145898
681527282
681527267
61802472
2083463944
1428449258
650721754
3528725848
2066330720
1428449259
618500301
2094344636
644608065
3799693387
91031535
3764587040
681527326
4201433908
5180475383
666882270
599137175
651263576
5135403001
653145856
3324635905
619227131
3799579122
3307476616
619227132
1134573590
681553772
4621961215
635779940
2049602836
678255513
619227137
681527298
653145897
681527294
3799898182
681553776
3735111685
646892367
3735111684
1417660423
618534074
5029825703
619227144
619227128
619227153
5556873228
5556873227
269351910
5556873229
681584663
681584720
1908190761
681584686
5556873245
5556873244
681527316
682652895
682652886
654186951
681584709
91031604
682694077
973768762
2135817956
2135817961
973768764
1985256181
2105178534
127658086
653109310
672161192
653109313
259648460
681584700
2083533193
1307347933
3339929672
3774705979
672613494
91031617
91031618
682694079
667757056
653109319
127658816
2154022983
2154022984
672787187
3152504908
258030070
334487078
3150374991
3150374993
127658071
3185210187
3185210191
3185210190
3185210184
3610863717
3136299955
681527392
653145901
681527394
681527391
681527396
681527393
681527395
3136286192
3988285711
681782501
1148012647
654176506
91031157
681584746
5332228570
3799898212
3799898193
2015103090
667775975
667775980
91031698
1838453754
675994174
1838453690
1838453755
976676998
681898829
681871955
1839459830
621951615
2077643776
1838393544
667761527
60796694
4061975258
1434098802
2077643750
669214865
3186396762
91031758
666892400
2077643758
1838393499
1838393582
1838393520
666892420
91031762
403815970
1545226397
626487869
666892470
1838393580
666892465
1838393486
1838393559
1838393518
666892405
1838393552
4621990657
666892434
666892399
2077643777
91031742
682694101
619195352
1708446065
642994312
654166213
3668778566
2077643755
620387090
403815968
403815975
666892396
129616081
678465352
5638009274
635899054
403816066
2077643760
1838393568
129616088
91031771
1252119243
324702666
682685525
324701832
618533937
2077643785
191793734
635791587
618747692
678259140
678259158
1977879423
5215602940
5215577994
5215612040
2681923838
3355420037
61802753
1583879162
1280044912
2681923843
5133502735
5133502727
3988285713
3988285712
618542191
618542173
4077041335
3988285710
5042686222
4580748385
681782185
653109529
1307336656
653109533
653109541
3764721073
653109536
599137123
666881345
3764721074
599137114
5133502754
5133502755
5133502771
1963939816
653109542
1839459799
599137132
679007188
620382516
666859676
678334771
2419528256
2410566473
91031875
3799898165
679749960
1346377747
1346377742
127658312
3832039757
3832039759
696453458
696453457
696453461
696453456
696453453
696453459
696453467
696453466
681871705
681871729
2096551933
681871802
3339667810
665246977
3186504907
5296859499
5340883847
5510036919
1434102126
3084218187
678334694
618540085
1428433274
3136350899
663253092
5590829435
642994309
3774751806
625772945
2126165439
625772953
625772966
625772963
2126165440
3188345264
3188125401
3188323140
2094344632
644608073
2094344653
2094344673
2094344651
2094344637
2094344658
678259139
678259189
678259146
2094344646
2094344631
644608081
3799980041
3205658335
2320511893
644608071
2094344648
665214512
678259152
2094344665
3993505810
2094344661
5590624755
5340879557
644608084
635779943
3355416306
1217563126
403816020
403815995
403816027
667757060
667757058
667759342
3187821074
3187821084
3187822045
3187821086
3922504210
1924788477
1863416592
4200239141
4200237612
3186416542
3922504222
1924788475
654187278
4200237594
4200430727
3922266672
3922266713
3922266718
3922266674
3922266716
3922266705
4980173392
666852660
4980173364
1480092687
127659394
3822124809
4504963663
2066330703
4505529503
5192500639
3141171387
681871970
3155589780
281864794
672600050
672600084
3922266717
654155308
3192347722
5292445091
1908190449
4196298163
621835658
681872145
127658599
621816438
621816440
5217865786
621816450
1908190336
621816446
621816478
5217865790
2826701440
667760322
667760321
672787170
1908190677
654186980
1908190715
681872030
3136350893
252542307
3237729274
3136350896
635909834
3136350901
681773749
681770269
681773893
643017407
60797043
643017436
643017409
643017424
2304486095
3205658317
2083191852
662866641
5027356302
130019052
3166497493
618543084
3800051504
3191696090
270333418
3191696089
3191696091
3191696092
681782551
3529517796
3529517797
3529517800
3529517798
621817291
667762091
3529517799
3529517801
268931195
673996060
673996032
3993586915
3529517802
644610699
673996047
3529517803
248608277
644610715
673996037
2135832112
679004910
679004913
679004912
3964854163
679004915
679004917
672787188
672787189
672787184
679004922
679004928
679004924
2419545247
679004923
3452758773
268931386
259648474
679004927
679004926
4196428546
1908190737
646892293
646892297
646892340
2034242972
2034243000
4196420357
4196421949
654188695
4196420358
2034242901
2034242905
2394811170
324700963
91032431
324700966
324700962
324701268
324701314
3187945992
682685511
4196444968
646892329
5398105360
646892520
1924790792
1924790793
3993512760
3993512759
644607684
644608023
637554706
599132989
637554792
637566110
2077643773
637566129
1838419471
255671532
599132998
1434072700
2077643794
599133000
1838419518
2407680866
646892365
646892371
4678368698
3150410546
2034242978
618744656
2034243002
1977879391
1977879401
1977879429
5652409191
2015171175
5652409195
1977879432
5652409199
5652409207
3799898171
646892401
3192347675
3192347690
127658870
670808586
670805316
2074266486
2074266506
2074266511
1908190302
2074266488
1908191012
1908190925
1908190756
1908190381
2074266490
1908190473
2074266502
1977879420
2074266492
1908191008
1908190772
2074266494
1908191101
1908190375
1908191087
1908190858
2074266500
1908190434
1908190954
5340883846
3893005431
3893005429
5296886579
1908190575
1908190415
2074266508
5340883851
5340883852
675994222
1908191023
2074266504
1908190225
621996944
621996946
3961886335
1908190274
2015171174
665214474
678334641
2074266509
4991421338
4991423962
1877145518
3188321180
1863416594
3205658323
4177496991
4177494001
4177496997
1863871392
1863871400
266907981
5118046329
1863871420
4177496994
4177496996
1863871411
672793450
619195378
5042598567
5118046344
1863871421
2583327890
5375536059
5375536062
5375536073
5375536063
1863871425
1863871428
5042598572
5375536067
5375536065
5626805943
5375536068
619035569
635164786
5375536072
4177493989
252537808
4177493994
4196445736
252537811
674059424
1307347927
662326592
259648471
268931381
269366483
673918239
673918225
3800084605
5375536095
5375536096
5626801124
3150421789
2034242963
678656321
678693936
4177456119
4177456130
4177456118
4177456121
2077643778
4177456120
3192347705
5250554648
619195388
5203938302
2034242898
5203938301
4177456126
4177456124
4177456132
4177456129
2077643788
4177456128
4177456131
4177456127
1480092676
644607774
637570059
675967375
319877252
1480092665
1908190215
3799898300
3799898307
3192347726
3192347699
599141393
599141392
635899056
654187244
654176466
1908190911
1908191076
1480092694
3192347674
3192347723
3192347708
5340883850
2826701857
324703461
3891743778
618543098
618543111
3891743775
1908190252
2560879663
3648987749
618540079
653129381
618540081
5216939985
681816456
618540082
618540084
681816416
2560879667
653129385
666872888
621993784
666872923
621997497
2131864632
1307348559
654193252
2131864637
1985256175
681872814
3381615498
618540267
599141445
1838453782
621951616
654193250
618294345
654743957
3187963299
618294356
666872912
666872913
666872917
2049602833
618294366
621993757
324701826
618543041
5650135555
635079773
4621990659
2077643792
618540126
2117504900
3707432962
672789713
3084209253
3274258938
666881127
2083191641
2160901118
644617043
3822138072
3954241650
3084209269
666881141
2160901123
2160901122
666881196
3893005428
5296876916
666881370
3893005435
3893005437
3084209277
644608094
3893005436
2066084091
4324726612
324702111
1908190340
654188533
1908190918
681782417
681803146
635164782
1908190891
1235750047
666881185
666881192
1235750050
682080794
5029825701
3799979998
1908190834
2160901120
403816048
1908190383
1908190951
4194815574
973807683
127659219
670782747
5058440382
5058440381
672802180
672798175
1908190431
3799898210
1908190703
1908190964
644610705
644610703
4478323940
599133885
5136791088
619297623
1908190436
1908191025
1908191035
1908190739
618540269
682080938
3307465963
653145978
3307465961
654186927
1908190722
1908190451
1908190880
1908191089
1908190457
1908190777
3993586939
191815063
3993586945
3993586947
3993586942
3993586923
3993586940
673918207
635850084
673918206
673918210
5399288826
5590849200
673918208
1908190467
654186825
654186839
666881288
259648462
678343082
673918224
1908190479
1908190793
1908191051
654186925
5203938965
673918226
5590842536
673918230
681803240
673918232
673918231
5590849192
673918238
673918237
673918242
673918245
673918244
674880272
674880285
662326567
662326576
2419600685
2419600679
2419600681
672779576
5283109201
1908190509
1908191074
1908190511
1908190997
1908190745
672779575
5404119344
672779577
672779579
3774751868
5556846132
667276053
666881341
670805315
5027429124
3658423081
5556846130
2077643787
3774751879
5144440168
5144440167
1908190567
5192797546
5192797552
670813555
618747790
670813556
678287427
5340879556
4003483004
666859634
4798936419
4196298135
4196298138
4196006867
4196006690
4196298140
4196298139
4196003782
4196413951
4196298143
4196298147
1908190915
4196298151
4196298152
1908190707
4196298154
4196298153
4196298157
255258029
619244343
3141171386
675904179
2083533185
4177464776
3648987752
5105301812
667762087
4177464777
4177464785
4177464782
3893005779
3893005780
3893005778
3893005773
2034242893
646872995
665267668
1839459797
1839459838
3799979962
4061971350
1839459832
1839459802
665277151
3784216020
3784216019
620384473
621817310
2625442477
4061975256
621809117
4177464780
3742289382
3742192433
3742289387
3742289386
1908191080
1839459792
5398105587
2097910547
5034155627
5398105589
1839459857
1839459837
621809145
5105301797
1839459805
1839459841
4197396098
672771586
672773908
672773910
672775144
1839459842
3799980025
1839459786
2077643790
1839459779
1839459787
1908190841
5202849311
662901137
652549503
1908190284
4196445735
3954317293
3942452779
5340879540
5340879535
644607759
1908190731
1908190895
1838419532
1838419530
2077643789
637554743
2077643780
2066330706
2131864641
654187268
1838419541
637554786
4194816348
669214869
3895120728
1838419547
665214477
1908190809
1908190913
1908190947
1908190813
2083533213
667274857
3340914298
665239992
678255273
618532479
1838419586
635164635
1838419493
618532482
2034242967
2095726278
637603462
667762093
3816444794
2117500121
2096519112
1908190854
1908190530
3150421800
1908190808
681537185
4324781730
60796691
4324781766
1908190229
644607663
5340879544
1908191014
4082578592
633441984
620387096
626487844
644607680
1908191055
1908190661
1908190990
4196348333
1908190453
1908190755
1908190614
5042376407
5042376404
1838419672
2077643767
1838419622
3205658324
5042376411
5042376408
5042376414
5042376412
5042376416
5042376415
1838419515
679008490
4046368480
3187923779
1908190519
1908191045
1838419663
635076595
669218019
696463086
2093030672
696463082
5424541441
3808874253
3274458437
678334722
60796688
3799979973
3799979970
1908190998
3799979966
1908190680
5363740453
3205658318
5363740454
3205658287
60796710
667761523
667761526
667761551
4074708297
5144579890
269202456
60796723
4084598044
4061975264
3800051506
3800051548
2329107832
1908191093
1908191034
3187939424
3799898269
3799693416
3954241344
654186846
3954241347
1908191040
1908190852
654186868
1908190851
2083533210
5590836207
1908191078
5142256097
672613435
1908191057
1908190426
667278694
5105301823
5105301821
1908190716
621993855
5105301819
681553781
1280044911
1307336317
269202338
681553779
681553778
3954317086
654189236
2117504905
682081004
682081011
617172490
324703426
3822202809
4196003788
4196003719
4196006731
681770219
5216939988
618033109
619188579
672600082
253022193
253022194
268931155
667775890
672600053
2247712371
5105301785
654159861
654159860
403816011
682652875
3799977155
403815988
682685539
675966967
253026160
675966965
675966979
3774751890
672600068
2247712425
2247712393
2247712379
675966982
675966984
2247712401
2247712416
675994230
675994208
637539664
675966988
675966991
637554702
3617768739
2077643791
675994227
637554729
2077643770
672600088
2247712398
2247695845
2247712380
5499217659
2247712404
2247712407
637554724
4199856726
3993601017
5028061925
637554773
667775913
5217865787
4324741397
268931805
635164706
644608061
672613483
672613487
2094344649
644608112
2077643772
1434072705
618543188
268931162
675967165
675967142
60797020
667277653
4353118693
3187945565
4527676073
3186529294
253022302
191814043
5340879552
644608120
5340879551
644608098
644608097
1434072702
1912418404
635164770
618312087
1912418406
675967087
3800084596
5105301774
5105301771
3800084594
4324724858
4324725034
4952412304
667775953
268931202
3800084600
3800084607
675967437
635164551
5105301775
4010627207
3416291128
1924788440
5118046343
5118046334
667775940
4985254040
5425923142
5425923150
672613470
4985254044
678334625
3136385191
3141171382
3136385193
619035561
403816082
1924788393
1924788500
3799580301
1924788394
1924788423
1924788505
3164393649
671371603
679751864
268931252
268931253
4082617457
4061975260
672613510
679749257
679751868
621835672
268931261
268931267
268931353
268931262
268931357
268931266
675967161
678334663
678334730
678334679
620384457
191812778
620384471
1985256186
654176492
3799693371
4516999379
662901136
635111089
1434072706
4515020731
3799581302
1924788367
2049675488
678334823
2049675495
2049675489
4084775835
667761529
667761534
2049675486
654176478
654187246
3895131670
654176541
1434072709
4354715897
2066084087
1924788374
3784216835
3784216842
3784216841
3784216845
678334735
268931346
667278656
268931355
268931359
268931358
268931360
1924788445
3799693377
678334773
5404119349
5404119350
3416291127
268931385
268931387
675967288
675967287
2247712415
678334786
678334797
4196421952
678334796
678334798
5134396762
5278053143
678334826
666859644
678334825
678343013
3742323061
5136791097
5136791098
5638009245
253022586
3150402309
4793209898
621993848
678343040
678343039
678343047
635164589
3742323077
3742323084
654186943
4985254054
4985254049
675967373
1985256177
2560859834
666903878
5122504268
5590849207
675967389
678343069
678335083
678343075
678334701
3799898285
681816487
681816484
682081263
678343084
5134417268
1475787294
4328912486
4328944049
4624585755
1924790778
678343098
270333411
678343096
674880248
5638009272
1252119242
675967434
1434072701
3799898168
1924788435
675967446
1434072698
637570063
675967444
646872994
2419528175
2409510166
2419528177
129616162
5425923143
3800003062
3800003068
3993517282
3187946177
626487820
666892472
2105405964
2105382093
4197184013
4197184014
675967505
675967502
675967516
675967512
675967510
678343193
675967521
675967523
626487870
60797501
4798976655
2419528315
2826701818
403816063
678335056
2015155899
666872973
3799693332
2015171173
191812613
1434072707
666881325
1278079598
1346379037
208540781
1278079600
4047088787
3747937098
1144975984
682080989
682080943
2409502684
4798976654
679007200
4798976656
1278079635
4798976658
3822138405
1278079649
5042598565
672793868
3122366658
5118046324
268931757
3822138073
2851715079
2625442478
1252119251
3073676026
1252119250
4082625298
4061975254
619732407
4061975261
3893909443
268931915
667759345
667759347
667759349
667759346
667759348
667759351
667759350
4577768759
4577776882
403816034
2247695861
672592635
3150402308
645091738
4793209901
5556846128
1683151519
3774751863
667276049
3822164769
3892990741
635778410
1985256154
3892990739
3192347735
667276052
667276051
5278053146
1307349788
651703070
3781723189
253727532
253727545
644610694
673996035
651703084
651703066
3742215662
3150410545
2117500119
5296886580
642971783
668963648
2410566474
2410566471
2410566476
3993501525
681899126
617165640
678255514
678256141
3799979995
3895120725
3186529287
5138797403
1839445241
5138797410
5138797409
5138797408
3979350883
666892477
3816444769
3816446849
3816444792
3816444780
403815971
3150394234
653114103
653114117
2094306170
653114102
653114167
2094306222
696464252
696464296
3816444796
127660923
672807090
258030081
682685532
2320511882
2320511890
2320511891
2320511886
3205658278
3205658279
2094306192
4678327361
2094306178
2094306190
3205658329
3205658333
973592787
4086332055
1526644640
2094306221
682081219
3752482621
5375536093
643015813
675994189
675994187
667775934
679007187
679007192
679007190
3331716412
2410567177
2410567171
679007194
2409600776
679007195
679007198
679007211
679007202
679007205
679007209
679007208
3136338274
679007210
2077643761
3085695785
665214511
3825202164
2077643768
1838419549
3237729271
208540813
3237729273
617172485
1839445235
3822140391
1838419628
1838419481
1838393577
666892541
1838419524
1838419666
2077643781
1838393510
666892448
3626955788
3502153118
3626955792
1838419487
1434098804
1838419521
1838419669
269202453
637624627
637624617
621951622
3187873349
682685510
682652832
2066330705
2066330718
2105162031
3150421787
2077727759
403815969
2105395190
2560859839
682685537
682685546
1839445251
5340918894
3800051558
5340918888
618542192
1839445104
1839445123
5144542965
5340918900
1480092672
5340918901
681899191
5340918897
1839445115
1839445202
1839445122
3924374454
3924374658
682685576
682685573
674059423
672596325
2419545239
2419545301
1839445145
1839445106
5133722090
599809021
2419545294
4082577270
4082578596
4177494007
5490514278
2083191848
403816015
2095726274
682652870
403815994
682687439
3186504909
4577776880
672789718
5042553055
672789728
5510051039
5510051041
5510051040
5510051042
1839445243
5510051044
5510051043
5510051046
5510051045
672789727
672789772
4577776877
1863459263
2394815256
1839445236
1839445181
1839445124
1839445227
3993490677
1839445242
672789748
5105301802
672789753
672789763
672789760
672789758
5042427519
672789779
672789766
2049602826
2419586574
4196439346
670782778
3331716413
3742258493
2034242986
4817223845
2394815225
2034243034
5241937826
2034242980
3191461220
4937816455
3164337541
3164337532
191813007
675889362
4586380020
3192348779
2034243032
2034243049
620385688
2034242968
2034242994
635779945
3799980040
2546744812
3764721075
1307336657
2126165436
3799898237
4595801051
191813067
4013210048
2034243024
2034243036
2034243020
1877145484
2034243040
2034243053
672798183
4478322854
672798184
2034242925
270333419
653129377
5184845301
270333433
682081122
2410567170
654186885
2419586582
4567940766
667761520
2419586584
2419586464
3964854159
4568328231
4196406811
666892441
248608286
3141171384
3799693339
5136791087
678343125
673996033
673996055
1235777074
644610784
635795993
5136791096
3954316998
3895125156
1838419593
2328966755
2328966780
2328966765
2328966752
1838419482
1434072697
637570072
637566119
675967423
4354715910
3961886336
5343028501
191813259
1838419591
1863416596
2551996197
2394815245
2034206136
3799955098
653145902
3799955104
653129375
3799955110
3799955094
3205658276
3205658277
3205658281
5590849191
3799955111
3799579156
3799955122
4077041334
4077041336
675904221
667760315
3752466183
667760317
667760314
667760319
667760316
667760318
191814403
667760323
667760324
667760320
667760325
667760313
3205658319
5363740455
1838419545
3188125402
3205658325
3799693435
2394815233
2394815242
4798962094
653145848
3752466182
672773913
653145885
653145894
653145895
619234414
1863416603
4422645693
681527337
3954317098
681527397
620380125
3799580291
653145913
3752482614
3416291132
3416291129
2160831811
3416291131
3416291130
667278663
3954317138
3799693405
3799693402
654187074
5286263428
618747738
3799898159
1877145519
1877145458
1877145460
1877145513
1877145461
1877145514
1877145501
1877145473
4513240962
4513240969
4513240970
4513240974
4513240973
2034206235
3954317208
2418776023
635164591
672592600
3799979965
644617058
3799979971
3799979972
3799979974
3893909444
3799979979
3799979988
269351944
3964852181
3164393659
4324745337
4324744384
3799979977
3799979976
2409502834
667277677
3164371490
4515020740
618543091
1908190679
3954317298
2625442489
2625442488
3799980024
678259143
3799980046
3799693375
3799693345
3799693348
3799693347
3799898164
3799693368
654187136
3799898180
3954317071
654176528
3799693385
678287428
5556844618
3799693386
4777983322
3799898203
618543190
3192347697
644610778
3799693400
3954317141
3799693392
3799693409
3799693415
3186505825
635164766
619035560
619120695
3187939422
667777131
3187941294
3191453887
4582447380
666892391
666892398
666859635
3799693432
3799898248
3799898251
666859651
3186529273
666859661
1814511530
666892463
3799898265
635795960
3799898270
4194512684
3799898278
3799898287
666892462
666892464
2093030680
2093029548
672807083
3799898291
654186844
3799898295
618027759
666892471
3136385196
635796007
654186826
3799898296
654186892
4195732669
4196421950
4196007157
3799898298
3799898311
3799898303
4195575428
3799898310
3799898312
973592789
682081241
682080957
938711252
3186529295
4865865968
678656356
667277570
5105301766
5105301770
5105301768
666903882
635854505
667277611
5105301784
1978805478
672793825
5105301798
5105301800
2066330717
2105162033
4655058737
5105301807
4177464771
5105301811
5105301818
5105301820
5105301822
5105301825
5638009259
4566250309
654186838
2320509005
5283109204
667277676
654186837
654186832
5263923799
5490514276
5490514274
5490514277
662337895
5490514279
667277674
5398149488
5398149490
667277683
667277684
667277685
4937816454
4937816457
4937816456
4937816458
4196694947
1908190836
654186918
2560859835
4196694941
3192306102
3192306103
618312097
3954317042
5626788314
644610978
682080736
682080725
3781630433
682080754
682080758
5029838136
682080749
2551996205
3799579126
4652090038
3799579128
2551996199
635795966
5650135546
5650135549
5650135550
5650135548
654172787
662338067
3799580257
682080791
682080834
5029812556
5034155077
682080853
1475787295
675994178
675994183
1838453697
675994181
675994209
3401467537
4199856713
675994214
675994212
644610679
644610708
673996066
3186383484
2083533173
3187859722
673996048
1838453710
644610701
644610719
644610716
673996086
673996031
3155589781
663253013
4086332051
1683151517
5340879521
5340879527
5340879528
5340879533
678255274
5340879534
678255275
678255276
675904191
675904210
674863796
674863797
674863841
5340879541
5340879538
5340879553
5340879558
644610773
644610775
644610774
1532848693
682081029
1963939807
1963939812
1985256172
1985256157
4586380019
1985256184
5638009261
5638009262
2094306180
667755383
5027429119
682081025
674880269
1863416593
619224226
1863416600
5250554647
3192347702
5340918895
2394815229
1863416599
2083191909
619224223
5590849212
3658423075
4046368473
3747937102
4196006772
4196006923
667760312
599137111
672161194
2160901125
2083191643
619732442
3164347867
682081133
619035492
619035495
672807052
672807384
667761540
667761518
2083191662
4515020714
4515020744
667761521
4196006857
4196006984
667761530
667761541
667761535
667761533
4084775828
672793512
667761538
667761552
667761542
3381615500
3821556076
667761546
667761537
4084778004
255040405
4084775833
4196694984
4196696592
678824262
255671550
3906042813
696458450
3906094705
3906094689
4196006901
4196007097
672791539
4655054150
5278579099
672591989
672775199
3774751887
682081256
2174786546
4196007127
4196006979
679746553
5399288834
5133722088
679746560
679746558
3192347677
3192347725
3192347728
3192347741
672775225
672775208
3192347686
3192347695
3192347710
3192347731
3192347691
3192347719
3192347704
3192347701
3192347729
3192347743
4678327358
5034155075
4196007170
3192347740
4196006865
3192347727
5340918896
3192347715
3192347694
3187866787
5590842533
637566128
696458427
696458445
696458437
696458440
696458454
696458461
696458466
3906094687
62782832
3993517281
3993517283
681770271
672152827
673996044
681770266
681770257
681773792
3993585253
5029825652
5029838133
667278657
3799693388
3164393668
4197383663
678343185
4047040875
3993501850
619732378
619732398
619732382
5536133751
667762088
619732393
619732396
619732410
667762089
646762530
3931631398
4678368699
4678368700
619732438
3164347872
619732443
2247695853
3538149112
2546744814
3895131671
1235750064
5556846127
5556846129
5556846126
403815985
5590849202
3799579134
3799579151
5590849211
2342928348
403816061
2247712375
2247712382
2247712403
2247712372
2247712423
1307336320
1280044917
1307336322
2247712387
403816074
2095726267
5027356298
2247712414
2247712374
3799580314
4201433887
3799580311
2247712392
666903877
2560859825
5626805942
3150421795
2560859833
2560859837
2135817967
5144542958
5372968715
3150421780
2560859828
674684720
2560859830
3799955123
4395899129
621993789
666881508
3993501524
678343144
3964854158
3964854160
3964854162
2858762128
5656625037
5105301786
1814511532
1814511534
4515020730
2342928346
3800051564
4177493990
4177495987
669578815
654189235