643015809 1526644640 1362
1526644640 5105301785 1380
5105301785 672600053 1386
672600053 672600055 1425
672600055 281864794 1512
281864794 672600084 2063
672600084 2247695845 2091
2247695845 2247695861 1181
672592643 2247695861 6937
127660871 672592643 6942
639804521 127660871 7015
206594633 639804521 7044
206594514 206594633 7187
269351926 206594514 5377
127660840 269351926 5134
2083152230 127660840 4761
4011680781 2083152230 4751
4011680781 2000414533 1514
2000414533 1676479569 1481
1676479569 619195388 2383
619195388 4011682730 2317
639804416 4011682730 5951
642982028 639804416 6003
642982004 642982028 6126
3752482620 642982004 6122
904991673 3752482620 6100
642982079 904991673 6111
621835650 642982079 6046
1792664495 621835650 6176
268931354 1792664495 7353
268931354 3742289387 2095
3742289387 642982051 2081
642982051 3742289383 4057
3742289383 2034206144 4025
2034206144 3742192429 4058
3742192429 642982064 1150
642982064 60796774 1149
60796774 5105301823 1122
5105301823 621993855 1121
621993855 60796779 1048
60796779 667755377 1057
667755377 60796767 1061
60796767 2154044165 1005
2154044165 667755378 997
667755378 3416291126 988
3416291126 635164616 521
635164616 3617768739 514
3617768739 637554724 3735
637554724 1434071347 3722
1434071347 637554742 3726
637554742 1434071345 3728
1434071345 637554767 3735
637554767 1434072705 3737
1434072705 1434072709 3752
1434072709 637554786 4003
637554786 1434072702 4010
1434072702 599132998 4014
599132998 1434072700 4005
1434072700 637566119 3823
637566119 637566128 3816
637566128 599133000 3812
599133000 127658312 3851
127658312 191792788 3533
191792788 675967386 3543
675967386 637570059 3612
637570059 675967375 3578
675967375 635164551 3577
635164551 1434072707 3576
1434072707 675967434 3638
675967434 1434072701 3632
1434072701 675967446 3633
675967446 1434072698 3582
1434072698 191812778 3580
191812778 620384471 3584
620384471 1434072706 3591
1434072706 2083152302 3963
2083152302 1434072703 4012
1434072703 191792898 3861
191792898 1274137038 203
673996086 644610705 23
644610705 191815063 114
191815063 644610766 261
644610766 62783063 273
62783063 637603462 879
637603462 667762093 3183
667762093 3799979979 3101
3799979979 672777604 3098
672777604 3339929667 3069
3339929667 1307347933 3004
1307347933 662326592 3059
662326592 665267668 4135
665267668 662326567 3370
662326567 675748905 3204
675748905 662337895 4013
662337895 635117662 1724
635117662 2066330708 1745
2066330708 2077727759 1910
2077727759 4516999379 1936
4516999379 662901136 1927
662901136 253022586 1649
253022586 3150402309 1650
3150402309 645091738 1648
2560879667 639804428 950
639804428 639804423 118
639804423 672789751 1017
672789751 5105301802 1025
5105301802 2560879663 1021
2560879663 3648987749 285
3648987749 3648987776 283
3648987776 672789768 543
672789768 4177464785 524
4177464785 5205505667 498
5205505667 621809117 465
621809117 621809121 463
621809121 679010365 403
679010365 672791513 396
672791513 621809145 367
621809145 266907981 344
266907981 5118046343 453
5118046343 672789713 441
191792898 191793257 3714
191793257 1434072697 3751
1434072697 268936809 3518
268936809 666903979 3475
666903979 1838419547 5032
1838419547 665214477 4910
665214477 665214474 4262
665214474 666896054 4326
666896054 665214473 4342
665214473 191792522 4215
191792522 675904181 4248
675904181 666896017 4294
666896017 675889418 4288
675889418 675890435 4285
675890435 665214509 4344
665214509 675889402 4102
675889402 635795966 4134
635795966 666892398 3735
666892398 666892391 3758
666892391 635079773 3747
635079773 4621990659 3785
4621990659 666892434 3758
666892434 635795960 3772
635795960 666892420 3789
666892420 675890068 3770
675890068 666892430 3642
666892430 666892463 3641
666892463 3822124809 3631
3822124809 666892448 3882
666892448 191813007 3846
191813007 191793734 3648
191793734 675889351 3624
675889351 675890150 3629
675890150 3231081896 3584
3231081896 3085695785 3614
3085695785 2049615733 3611
2049615733 666892447 3477
666892447 666892441 3491
666892441 635795993 3483
635795993 191813067 3698
191813067 3979350883 3682
3979350883 666892477 3674
666892477 635796007 3680
635796007 191813259 3671
191813259 665214511 3418
665214511 620387090 3434
620387090 626487820 3413
626487820 666892472 3348
666892472 675890649 3329
675890649 675890606 3328
675890606 1838393514 3323
1838393514 666892465 3328
666892465 666892541 3337
666892541 2925773146 3343
2925773146 665214513 1546
665214513 666892470 3175
666892470 618027759 3189
618027759 1963939812 1825
1963939812 1307336657 1962
1307336657 653109529 2074
653109529 3164371478 1828
3164371478 599137114 1966
599137114 2160901125 1895
2160901125 3964852181 2070
3964852181 3164393649 2065
3164393649 671371603 697
671371603 672161192 697
672161192 653109310 720
653109310 259648460 731
259648460 127658816 644
127658816 653109319 224
653109319 269202175 208
269202175 653108582 203
653108582 618287000 204
618287000 617172490 167
617172490 3237729273 312
3237729273 3237729274 119
3237729274 252542307 118
252542307 255671550 93
679749338 1346377753 1554
1346377753 1346377742 293
1346377742 679746560 546
679746560 679746558 291
679746558 679746553 348
679746553 3893909444 293
3893909444 1278079713 296
1278079713 1278079706 340
1278079706 127657770 1310
127657770 269202454 1347
269202454 1278079649 2645
1278079649 248608270 1560
248608270 679004924 1661
679004924 2419545247 1669
2419545247 679004927 1647
679004927 620382088 1645
620382088 2418775961 1643
2418775961 2419545239 1651
2419545239 679007194 1664
679007194 127658294 1662
127658294 2419528256 2271
2419528256 4798976655 2279
4798976655 2409502684 2298
2409502684 206595627 2286
206595627 4798976659 1987
4798976659 2066330708 1981
2066330708 3150421787 1806
3150421787 5510037833 1826
5510037833 2560859827 1826
2560859827 2066330703 1828
2066330703 2066330705 1812
2066330705 2066330718 1808
2066330718 2131864637 1808
2131864637 2131864632 1801
2131864632 1307348559 1777
1307348559 2131864641 3299
2131864641 2034243040 3303
2034243040 4817223853 3281
4817223853 1235750071 3284
1235750071 1235750050 3237
1235750050 1428448780 2921
1428448780 1235750051 2906
1235750051 1235750064 3609
1235750064 1307349788 3613
1307349788 1307349789 3592
191799878 191812187 2784
191812187 621993784 2961
621993784 621993789 3031
621993789 621996944 2980
621996944 621996946 3102
621996946 2015171174 3084
2015171174 2015155899 3741
678335056 2015155899 4589
678335056 678334701 1881
678334701 678334663 2714
678334663 678334730 1520
678334730 678334735 1524
678334735 3808874254 813
3808874254 3808874253 821
3808874253 2066084091 1335
2066084091 3084209279 1353
3084209279 4324726612 1525
4324726612 3274258938 1699
3274258938 3084209253 1678
3084209253 3084209255 1757
3084209255 4086342990 1753
4086342990 4478291051 1631
4478291051 644617043 477
644617043 644617048 321
644617048 60796688 401
60796688 3799979973 404
3799979973 3799979970 404
3799979970 60796691 407
60796691 644619340 350
644619340 5510046924 185
5510046924 667762086 185
667762086 667762087 186
667762087 667762088 230
1838419688 2077643767 6524
2077643767 1838419672 6540
1838419672 2077643771 6544
2077643771 3774751880 6561
3774751880 635164715 6561
635164715 675967087 5734
675967087 599131263 5797
599131263 3600138025 5727
3600138025 621993957 5817
621993957 667277570 5921
667277570 60797020 5915
60797020 667277653 5553
667277653 667277676 5526
667277676 1838419586 5519
1838419586 635164635 5518
635164635 667277677 5547
667277677 4010627207 5557
4010627207 4010627208 5573
4010627208 619201840 5588
619201840 60798037 2529
60798037 268931346 3264
268931346 268931353 3266
268931353 268931261 3328
268931261 268931267 3367
268931267 268931354 3432
4011682730 619195378 3634
619195378 4011680780 3696
4011680780 619195381 3704
619195381 4011680781 3238
2247695861 2247695870 6838
2247695870 2247695871 6192
2247695871 5105301788 6500
5105301788 678714010 6481
678714010 672793676 6475
672793676 672613537 6471
672613537 672802171 6473
672802171 672613542 6466
672613542 127660889 6376
127660889 619035561 6179
619035561 619035560 4951
619035560 635164766 4949
635164766 635164786 4947
635164786 635164782 4985
635164782 672802172 5439
672802172 672802190 5441
672802190 4580748384 5425
4580748384 3707432962 5411
3707432962 4580748385 5325
4580748385 5042686222 5323
2925773146 1274137040 1784
1274137040 665214512 1775
665214512 1963939816 1749
1963939816 4515020740 1839
4515020740 4515020730 1832
4515020730 675890554 1837
675890554 666881493 1848
666881493 675890671 1773
675890671 3784216021 1776
3784216021 675890678 1658
675890678 4515020715 1653
4515020715 669218019 1649
669218019 191799460 1693
191799460 191794735 1696
191794735 91030299 1166
91030299 3825202167 1267
3825202167 5058708137 1219
5058708137 3825207097 1055
3825207097 682740001 999
682740001 5058708135 1057
5058708135 618700092 861
618700092 651703289 1374
651703289 3822202809 1430
3822202809 3822208450 905
3822208450 3822200352 854
3822200352 682722952 861
682722952 3781723175 884
3781723175 3824991118 824
3824991118 3781723182 826
3781723182 3781630433 866
3781630433 3922266718 880
3922266718 3922266674 914
3922266674 3922266705 106
3922266705 3922266672 430
3922266672 3922266713 425
3922266713 3781723189 443
3781723189 651703084 457
651703084 3822116980 439
3799897956 681978077 198
681978077 618533937 191
618533937 681872145 344
681872145 681872030 285
681872030 682001105 286
682001105 619274591 294
619274591 3646111628 718
3646111628 681773749 769
681773749 681770269 772
681770269 681770266 769
681770266 2094306221 772
2094306221 3191696090 714
3191696090 270333418 716
270333418 2094306193 779
2094306193 3150394234 774
3150394234 653114103 826
653114103 618542192 822
618542192 3150402308 923
3150402308 253022586 251
253022586 4793209898 251
4793209898 662901137 280
662901137 2560859834 830
2560859834 3150421795 836
3150421795 3150421780 834
3150421780 3150421787 848
3150421787 3150421800 827
3150421800 5626801124 847
5626801124 3150421789 862
3150421789 662326576 2617
662326576 1235777074 2788
1235777074 644610784 2184
644610784 644610775 2223
644610775 644610777 2234
644610777 672779575 2240
672779575 5028030257 2274
5028030257 672777618 2277
672777618 62783063 2281
62783063 5510051039 2130
5510051039 5510051041 2133
5510051041 191814043 2129
191814043 253727545 599
621835717 4595801051 1393
4595801051 667761541 1392
667761541 667761529 1378
667761529 2049675489 1381
2049675489 4084775835 1370
4084775835 667761540 1367
667761540 667761519 1370
667761519 2154029197 1365
2154029197 4082577087 762
4082577087 248608277 763
248608277 672787179 1344
672787179 2154022983 1416
2154022983 672787187 1416
672787187 621816446 1434
621816446 5217865790 1327
5217865790 621816450 1243
621816450 621816440 2088
621816440 5217865786 1560
5217865786 4513240970 1600
4513240970 639804423 1009
4177464785 4177464782 12
675890435 2077643775 212
2077643775 666892400 187
666892400 2077643781 158
2077643781 666892399 107
666892399 1838393522 220
1838393522 2077643752 215
2077643752 1434098803 227
1434098803 253026223 254
253026223 191793073 518
191793073 620384458 593
620384458 620384457 535
620384457 675967437 546
675967437 319877252 556
319877252 637570060 551
637570060 191792843 600
191792843 599132990 595
599132990 637566129 585
637566129 637566110 602
637566110 599132989 601
599132989 637554792 635
637554792 637554773 586
637554773 637554743 584
637554743 637554729 593
637554729 637554706 640
637554706 599132988 646
599132988 599131273 732
599131273 667278654 701
667278654 599131267 733
599131267 667277679 742
667277679 667277611 769
667277611 667277590 793
667277590 621993997 806
621993997 599131258 894
599131258 599131254 3410
599131254 5105301826 3432
5105301826 599131322 3416
599131322 1714980408 9895
1714980408 599131336 9877
599131336 599131299 9853
599131299 599131307 9858
599131307 599131334 9853
599131334 667274856 9797
667274856 599131332 9783
599131332 667272218 9737
667272218 621954103 9675
621954103 621954102 9667
621954102 667271949 9652
667271949 599131013 9563
599131013 599131012 9527
599131012 599131011 9458
599131011 253026176 9419
253026176 621954101 9380
621954101 1645513795 9189
5194441199 5375536069 148
5375536069 5626805943 155
60796645 5626805943 216
60796645 662339587 1632
662339587 675748905 808
4516999379 635111089 12
621993757 620382516 796
620382516 666859689 53
666859689 127658599 102
127658599 2083152318 149
2083152318 1814511533 147
5042376416 5042376414 2375
5042376414 5042376411 2374
5042376411 5042376407 2371
5042376407 621816438 2374
621816438 621816440 1569
4513240970 4513240962 1000
4513240962 191814403 954
191814403 667760319 2354
667760319 667760317 2538
667760317 667760315 2547
667760315 3752466183 2550
3752466183 667760313 2544
667760313 667760320 2534
667760320 667760321 2532
667760321 2826701440 2537
2826701440 667760322 2559
667760322 667759351 2553
667759351 621835672 2568
621835672 667759349 2559
667759349 667759347 2564
667759347 667759344 2552
667759344 127657445 2562
1683204291 127657445 2512
667757057 1683204291 2510
127657584 667757057 2576
642981996 127657584 2584
642981996 1792664495 2588
678334641 618096975 703
618096975 666872917 849
666872917 621993757 847
620382516 666859676 1089
666859676 635111115 1109
635111115 191816795 1189
191816795 1839445248 678
1839445248 599809021 694
599809021 61802753 806
61802753 1583879162 1264
1583879162 3822140391 748
3822140391 637624627 734
637624627 1278079600 1671
1278079600 4047088787 962
4047088787 269202453 1727
269202453 3191464509 429
3191464509 255361132 394
255361132 1278079713 426
1278079713 3893909443 380
3893909443 2083191643 359
2083191643 619732442 298
619732442 619732443 1141
619732443 646762530 410
646762530 619732393 1383
619732393 619732410 1033
619732410 3164337541 1758
3164337541 3136338274 766
3136338274 679007209 1684
679007209 679007211 1676
679007211 679007204 1673
679007204 5635884187 1675
5635884187 127658045 1686
127658086 127658045 65
3164393649 679751864 2180
679751864 679751868 949
679751868 1307336320 1627
1307336320 1278079635 1067
1278079635 1307336317 307
1307336317 1307336322 958
1307336322 1278079598 307
1278079598 208540781 362
208540781 269202338 370
269202338 1280044912 487
1280044912 61802753 531
1583879162 1839445235 511
1839445235 1839445236 539
1839445236 1839445104 545
1839445104 5144542965 544
5144542965 637624617 544
637624617 5144440168 1898
5144440168 3830399256 1892
3830399256 266907986 1907
266907986 618033109 337
618033109 766428156 367
766428156 4324741183 363
4324741183 268931805 365
268931805 268931757 400
268931757 3822138073 417
3822138073 3822138072 364
4478291051 3822138072 769
4478291051 5133502735 1563
5133502735 60796648 1634
60796648 5133502775 111
248608277 2154029197 608
621822224 621835717 1382
667761545 621822224 2108
5192797546 667761545 2109
60796731 5192797546 2100
2034206164 60796731 2132
3742258492 2034206164 2124
60796740 3742258492 2134
60796740 206597774 635
206597774 644620382 589
644620382 3742229765 573
3742229765 127658727 577
127658727 667762952 542
667762952 268931129 543
3742192429 3742220438 1798
3742220438 3742220439 2409
3742220439 3742213241 2086
3742213241 3742192391 2077
3742192391 3742213226 2072
3742213226 3742192393 2116
3742192393 599133885 3999
599133885 270333410 4010
270333410 2160837298 3954
2160837298 1369195822 3964
1369195822 678335411 3962
678335411 678334694 734
678334694 678343075 2182
678343075 678334701 836
678334735 678334641 716
678335411 678335083 1387
678335083 678335056 2806
2015155899 666881288 3105
666881288 259648462 3309
259648462 2015171175 3426
2015171175 675967523 413
675967523 1434072706 371
3416291128 3416291132 3305
3416291132 4353118693 3309
4353118693 259648471 3670
259648471 269366483 3572
269366483 619201755 3532
619201755 599131263 2622
599131263 2077643764 2618
2077643764 3784216835 2628
3784216835 3784216842 2633
3784216842 4177456121 2640
4177456121 2077643778 2650
2077643778 599131258 2648
266907986 619188579 1565
619188579 1316756487 1490
1316756487 3084209277 1770
3084209277 3084209269 1626
3084209269 635111100 1717
635111100 3808874254 1577
3808874254 678334722 1575
678334722 678334679 1567
678334679 3274458437 2773
3274458437 1434102126 3309
1434102126 678334694 1445
678343075 678335083 1501
2015171175 637570063 3001
637570063 2015171173 3046
2015171173 618309296 3005
618309296 678343043 2773
678343043 635164589 2739
635164589 621993828 2976
621993828 3416291126 2802
3416291126 3416291127 2826
3416291127 3416291130 2927
3416291130 667278663 2897
667278663 3416291129 2775
3416291129 3416291131 2771
3416291131 667278657 2864
667278657 60798037 2820
60798037 3416291128 3317
619201755 60797012 905
60797012 675967165 923
675967165 675967199 998
675967199 3774751860 995
3774751860 667277686 987
667277686 667277683 976
191814043 5042376416 2372
621816438 1039392992 803
1039392992 252537806 2682
252537806 252537807 2662
252537807 4177495986 2658
4177495986 4177493993 2657
4177493993 252537808 2659
252537808 4177494002 2650
4177494002 644621600 2638
644621600 674059403 2631
674059403 674059423 2621
674059423 674059424 2612
674059424 252537811 2603
3136338274 3164337532 898
3164337532 619732438 1892
619732438 619732442 842
619732443 3164347872 733
3164347872 619732382 838
619732382 664420249 863
664420249 619732389 670
619732389 646768582 1947
646768582 127657312 753
208540790 127657312 1508
617169300 208540790 977
206592950 617169300 775
1839459842 206592950 763
3799980025 1839459842 705
620380125 3799980025 699
618747692 620380125 681
618747692 670805315 339
670805315 3658423081 341
3658423081 3658423075 342
3658423075 635779945 339
635779945 654743957 637
654743957 4621961215 541
4621961215 635779940 537
635779940 665239992 538
665239992 665240022 571
665240022 127659196 538
127659196 670782747 457
670782747 255040405 504
255040405 1908190206 385
1908190206 1280869010 708
1280869010 665241266 517
665241266 1280869012 517
1280869012 618700092 577
3781723175 3824991117 54
3824991117 618700103 307
618700103 3821556076 50
665240022 259648440 31
259648440 3340914298 374
3340914298 678255273 351
678255273 617165640 403
617165640 678255514 397
678255514 635779943 408
654743957 635779943 242
654743957 618294345 77
618294345 3187963299 85
3187963299 3799980040 582
3799980040 3164314376 582
3164314376 670802545 511
670802545 662866643 438
662866643 130019052 1485
130019052 635076595 1454
635076595 2083191662 1446
2083191662 4515020714 1465
4515020714 620385688 1341
620385688 666882270 1544
666882270 3784216020 1567
3784216020 620384473 1566
620384473 599137175 197
645091738 653114167 1728
653114167 403875011 1725
403875011 2094306224 1679
2094306224 682080957 1891
682080957 682080989 1879
682080989 2117504905 1876
2117504905 682081004 1874
682081004 682081029 1877
682081029 682080758 1875
682080758 635914018 1873
635914018 2091860038 1849
2091860038 618532479 1898
618532479 653148593 1343
653148593 653148590 1281
653148590 1863416593 1360
1863416593 619224226 1338
619224226 653145885 1671
653145885 653145895 1678
653145895 4422645693 1678
4422645693 61802472 1626
61802472 2083463944 1284
618309296 678343030 619
678343030 5136791097 611
5136791097 621993848 665
621993848 678343035 752
678343035 3742213226 759
3742213226 3742213227 640
3742213227 3742192395 2482
3742192395 3742220440 2480
3742220440 3742220437 1725
3742220437 3742215658 2159
3742215658 3742192433 2172
3742192433 3742192429 2172
618542192 618542191 215
1434072697 675967512 238
675967510 675967512 29
3152504908 334487078 384
334487078 1235750047 380
1235750047 1235750062 186
1235750062 1428448780 271
1428448780 1235750073 297
1235750073 3896041616 1830
3896041616 4817223844 1815
4817223844 3964896717 1802
3964896717 652533088 816
652533088 5510037822 837
5510037822 5510037824 875
5510037824 5626788315 877
5626788315 5510037826 877
5510037826 3172208280 875
3172208280 3150421800 863
3150421800 635117662 844
635117662 662864873 813
662864873 3191461221 1307
3191461221 5375536067 1305
5375536067 3191464505 1305
3191464505 4798976657 1306
4798976657 679007200 1289
679007200 662864874 1306
662864874 127658294 463
2410566473 127658294 1173
2410566474 2410566473 1166
2409510166 2410566474 1166
2419528174 2409510166 1042
2419532403 2419528174 1016
2419528176 2419532403 1012
127658282 2419528176 1011
127658282 5635884162 117
191792843 2077643765 228
637554786 1838419541 100
1838419541 637554792 93
619732393 619732396 350
619732396 665277151 1274
665277151 1839459803 1942
1839459803 619734878 1546
1839459852 619734878 1438
3362713160 1839459852 1391
619274824 3362713160 1389
646802662 619274824 1367
681898829 646802662 1357
976676998 681898829 1329
681871955 976676998 1360
3155589780 681871955 1223
3155589780 663253013 1590
663253013 1428433274 1770
1428433274 663253092 1279
663253092 3136316335 1533
3136316335 5261493138 1575
5261493138 3073680175 1557
3073680175 3799898162 1550
3799898162 3556443371 1540
3556443371 3556443375 945
3556443375 91031875 1169
91031875 3538138541 1197
3538138541 2546744812 1184
2546744812 3538149112 1181
3538149112 619227128 967
619227128 619227137 1025
619227137 619227132 552
1134573590 619227132 986
403816056 1134573590 983
312919628 403816056 923
1924788360 312919628 916
1924788400 1924788360 907
3073680158 1924788400 902
324702801 3073680158 902
3073680168 324702801 897
313410279 3073680168 894
5000284905 313410279 805
1977879423 5000284905 800
1977879420 1977879423 573
1977879432 1977879420 598
1977879432 1977879429 311
1977879429 4328912486 335
4328912486 4328924659 311
4328924659 4328924658 305
4328924658 4328924657 316
4328924657 4328944074 318
667276052 667276049 976
667276049 3822164769 987
3822164769 1683151516 512
1683151516 1683151514 2872
1683151514 1683151517 2880
1683151517 635164715 2866
3648987752 2560879667 1018
639804428 4513240966 994
4513240966 191814403 195
1417660423 3150410543 238
618534074 1417660423 241
618534055 618534074 237
682001040 618534055 234
653145959 682001040 244
653145978 653145959 252
653145978 2304486095 163
2304486095 2083191852 168
2083191852 5363740457 175
5363740457 3645629482 132
3645629482 3645629484 69
3645629484 3188323724 293
3188323724 3188321180 294
3188321180 1863416594 295
1863416594 3307476616 294
3307476616 619227144 715
619227144 619227128 57
1977879423 3668778566 103
654166213 3668778566 464
403816067 654166213 450
654172190 403816067 439
2095726275 654172190 386
2095726275 403816074 177
403816074 2095726267 163
2095726267 324700962 139
324700962 324700963 150
324700963 324700966 146
324700966 682685511 7
682685511 682652832 7
682652832 682685576 197
1235750059 1235750079 945
1235750079 973807683 1138
973807683 3528725850 1186
3528725850 4817223851 1146
4817223851 2034242896 1146
2034242896 3528725849 1143
3528725849 1428449258 1157
1428449258 3528725848 1161
3528725848 973768762 1188
973768762 2135817956 1191
2135817956 973768764 1198
973768764 1985256181 1211
1985256181 618500301 1218
618500301 1985256186 1265
1985256186 5202849311 1268
5202849311 662901137 1283
662901137 662901136 1229
662901136 635111089 549
635111089 618542173 563
618542173 3185210191 764
3185210191 127658071 707
127658071 3185210184 722
3185210184 3832039760 728
3832039760 5333484038 704
5333484038 5333484040 700
5333484040 5333484044 703
5333484044 3832039366 715
3832039366 5333484042 711
5333484042 5333484036 705
5333484036 4077041337 705
4077041337 5333484034 705
5333484034 3832039358 703
3832039358 5333484032 701
5333484032 3832039758 709
3832039758 5333484030 706
5333484030 3832039360 710
3832039360 3832039362 693
3832039362 3832039364 686
3832039364 5333484028 691
5333484028 127658062 677
5635884179 127658062 1621
127658045 5635884179 1589
651703066 651703070 700
651703070 3136385191 693
3136385191 3141171382 271
3141171382 3136385196 277
3136385196 91031133 265
91031133 91170617 76
91170617 682694105 74
682694105 91031742 75
91031742 91031617 39
91031617 91031618 37
91031618 91031378 66
91031378 91031387 54
619227132 619227131 436
619227131 3307476616 421
619227144 619227153 658
619227153 2320511891 866
2320511891 668963648 875
668963648 262620156 890
262620156 2464923164 849
2464923164 663253013 179
1428433274 3136350899 477
3136350899 3136350901 812
3136350901 635909831 694
635909831 2329101434 717
2329101434 976676997 728
976676997 3073783906 761
2329107832 3073783906 722
662875960 2329107832 864
127657253 662875960 532
127657312 127657253 694
127657312 619734847 890
5510037836 60796648 122
653453153 5510037836 121
653453153 3343688203 47
268931740 3343688203 55
268931740 60797501 421
60797501 618033109 233
618033109 619188579 167
619188579 5133722092 120
5133722092 1839445218 127
635779943 678259139 408
678259139 618747692 396
208540790 208540813 429
3136350901 3136350896 509
3136350896 635909834 312
635909834 2328966780 332
2328966780 654148520 411
654148520 1280868420 358
1280868420 3610826712 369
3610826712 3610863717 323
3610863717 3647856938 321
3647856938 1908190206 323
3822208450 2681918779 54
2681918779 3781732854 82
3799580317 654176570 103
654176570 240378550 92
3816448619 240378550 72
3150402308 3150402309 680
3150402309 4793209901 678
4793209901 652549503 953
652549503 644608098 953
644608098 1428449259 961
1428449259 2094344636 927
2094344636 403874932 934
403874932 1985256189 957
1985256189 644608112 937
644608112 644608119 934
644608119 4506239332 922
4506239332 644608075 919
644608075 650721754 896
650721754 644610978 917
644610978 403874920 917
403874920 2034242906 915
2034242906 3943615894 926
3943615894 403874915 928
403874915 3502153119 1037
3502153119 2174786546 1036
2174786546 1428448783 790
1428448783 1235750062 789
1235750062 1235750051 703
599131322 1838419688 6518
3822116980 3781723165 141
3781723165 651703066 678
3136385191 3136385193 418
3136385193 1280869013 556
1280869013 3610826710 430
3610826710 3647856938 191
3647856938 3610863709 189
3610863709 3136299955 223
3136299955 670782778 278
670782778 127659219 227
127659219 259648440 347
617165640 678256141 12
678256141 3355416306 11
3355416306 678259189 21
678259140 678259189 59
635791587 678259140 57
3799980035 635791587 49
2481055424 3799980035 61
651263576 5180475383 427
651263576 3164314376 53
635779945 3187963299 504
5424541444 191799878 383
191799878 5278053145 380
5278053145 678334797 378
678334797 678334788 370
678334788 618266710 367
618266710 678334629 362
678334629 678334771 364
678334771 620382516 368
269351945 635111115 196
269351944 269351945 224
2394815256 4577776882 152
2394815245 2394815256 152
619263631 2394815245 147
635899054 619263631 139
635899054 91031762 81
91031762 91031708 81
91031708 403815970 75
403815970 403815968 78
403815968 403815971 53
403815971 682685537 188
682685537 403815975 187
403815975 403815982 178
665267668 662339587 766
5375536073 60796645 1423
5375536064 5375536073 1421
662864873 5375536064 1419
206595627 662864873 1020
206595627 259652390 645
259652390 1985256154 446
3892990741 1985256154 382
635778410 3892990741 372
3185210190 635778410 355
127658071 3185210190 275
3185210187 127658071 210
3993501525 3185210187 217
3993501525 4077041335 186
4077041335 3988285711 162
3988285711 127658086 149
127658086 127658263 103
635914020 127658263 383
619274621 635914020 386
2464933228 619274621 362
1863416599 619224223 408
619224223 653148591 567
653148591 653148592 490
653148592 696453466 606
696453466 696453458 604
696453458 3735111685 601
3735111685 646892367 597
646892367 3150410546 606
674880248 127660840 438
2247695870 2247695845 940
191813176 127658560 2496
127658560 3617752195 2640
3617752195 191799833 2606
191799833 127658568 2853
127658568 127658585 2612
127658585 618273530 2764
618273530 127658599 2774
127658599 191799878 2678
621993789 621997497 37
2077643780 2077643768 180
2077643783 2077643780 173
191792788 2077643783 161
3339929667 3339929672 78
3339929672 662338067 625
672775144 662338067 1737
672771586 672775144 1704
672773908 672771586 1705
60796648 672773908 1693
3799979995 644617043 194
127660889 672802242 221
672802242 619035576 201
619035576 619035569 192
619035569 672802180 262
672802180 672798175 256
672798175 313441154 257
313441154 5042598565 257
5042598565 5042598567 259
5042598567 1863871411 279
1863871411 1863871400 280
1863871400 1863871392 290
1863871392 266907981 293
324702794 2095726767 10
2095726767 2095726769 5
2095726769 324702665 8
618027759 1963939807 1334
1963939807 1545226397 2470
1545226397 626487869 2371
626487869 633441984 2392
633441984 620387096 2381
620387096 666852440 2553
666852440 268936808 2492
268936808 191813176 2814
191813176 635795993 192
2015155899 675904221 1563
1839445181 1839445235 36
1839445238 675891019 619
269351942 1839445238 710
269351942 675891057 208
675891057 269351943 205
3343735989 269351943 67
5138823124 3343735989 44
3164393668 675890806 945
675890806 253026147 943
253026147 191799826 1124
191799826 1963939809 993
1963939809 3164371490 856
3164371490 1963939807 1112
1814511533 635079773 71
4513240969 5217865787 2179
5217865787 621816450 2082
621816450 621816478 2776
621816478 5510051046 2896
5510051046 5510051044 2895
5510051044 253022302 2892
253022302 191814043 351
253727545 642971783 619
642971783 662305991 623
662305991 2034206238 616
2034206238 673996054 557
673918245 674880285 1472
674880272 673918245 1472
1683151528 674880272 1471
5037942619 1683151528 582
5037942619 642994318 2389
642994318 5424881748 2399
5424881748 3774751801 2393
3774751801 5590829438 2391
5590829438 673918236 2392
673918236 673918230 2403
673918230 206594393 2406
206594393 206594222 2399
3774751852 206594222 2182
635850065 3774751852 2179
673918207 635850065 1774
635850084 673918207 1768
673918212 635850084 1752
269351909 673918212 1744
3774751839 269351909 1699
3774751836 3774751839 1688
268936779 3774751836 1678
5556873235 268936779 1672
269351913 5556873235 1617
61802647 269351913 1580
672613449 642994675 545
642994675 129616162 533
129616162 3742323077 886
1278079649 269202456 1081
269202456 637624627 915
1278079600 3747937098 687
3747937098 1280044911 719
1280044911 1307336317 650
1307336322 1346379037 650
1346379037 1280044917 713
1280044917 62782832 1273
62782832 4197383663 816
4197383663 3164393659 813
3164393659 3164393649 820
127658816 255671532 475
60796713 667761551 1008
621822224 60796713 1021
2049675490 60796740 2092
667756395 2049675490 2099
667756382 667756395 2118
60796743 667756382 2128
667756302 60796743 2094
60796751 667756302 2100
60796751 3742220437 1028
667278694 60796767 82
667278694 667278656 19
268931346 667278656 39
654193254 635901000 305
313411337 654193254 289
2546744851 313411337 163
654187186 2546744851 155
654176478 654187186 126
654187246 654176478 81
654187129 654187246 69
2247695861 672591931 721
672591931 253022345 753
253022345 4177464776 766
191816795 1839445237 582
1839445237 1839445122 605
1839445122 269351942 633
653145914 969057663 39
969057663 403816082 40
403816082 1924790787 36
1924790787 3816448620 40
3816448620 3816448619 34
240378550 240378551 66
240378551 4328944073 16
4328944073 4328944074 17
4328944074 4328944049 327
4328944049 4624585754 324
4624585754 5058440382 542
5058440382 5058440381 245
4324745329 644617048 47
5133502775 4324745329 53
252542307 617171631 184
617171631 617169300 189
1278079706 255361132 49
255361132 3893909450 19
4577776885 2105405964 222
2105405964 1863456350 202
1863456350 3538150718 198
3538150718 3538180787 200
3538180787 3556443375 228
619227137 619227131 472
619227131 3799579122 483
3799579122 2551996205 483
2551996205 3799955087 479
3799955087 1863416596 469
1863416596 653145913 482
653145913 1863416603 478
1863416603 619224226 490
91030247 670802547 1004
670802547 191794675 981
191794675 662866643 1528
248608270 662864863 273
4798968762 662864863 523
5375536094 4798968762 457
2419532369 5375536094 409
60796641 2419532369 397
60796641 2419600689 211
2419600689 5375518022 160
5375536097 5375518022 148
5375518026 5375536097 150
5375518026 5375518025 24
667761523 60796710 954
60796723 667761523 967
4061975264 60796723 964
667761551 4061975264 976
681803240 635914019 926
635914019 619274598 914
619274598 681899040 900
681899040 681871970 897
681871970 3155589780 876
662864863 5144579891 1204
5144579891 269202456 1176
1280044911 1280044912 66
3538149112 619227153 214
2464923164 3155589781 663
3155589781 618533937 372
681872145 681871970 123
3164337541 3164337532 987
653109319 653109313 17
599133000 1838419518 86
1838419532 1838419518 55
1838419532 2077643780 1
626487844 626487870 48
626487844 666852447 53
666852447 666852464 133
666852464 666852574 118
675890767 666852574 599
675891019 675890767 606
3799898257 938664616 111
1908190340 3799898257 110
654188533 1908190340 104
654186980 654188533 36
1908190677 654186980 374
2408904866 1908190677 381
681584663 2408904866 475
681584720 681584663 228
4197208742 681584720 234
2074257329 4197208742 235
3753188290 2074257329 239
653145822 3753188290 248
3799581341 653145822 276
3752462136 3799581341 276
3753206140 3752462136 279
1908191042 3753206140 281
654186868 1908191042 309
654186908 654186868 346
3799736790 654186908 361
1908190554 3799736790 362
3799898189 1908190554 365
3799581335 3799898189 365
3954317097 3799581335 367
1908190431 3954317097 367
3799898182 1908190431 387
681551875 3799898182 390
313411340 681551875 402
662866641 2126165439 298
3340914298 665239992 30
5635884175 127658282 952
5635884177 5635884175 946
679007206 5635884177 943
127658062 679007206 948
667757056 667756614 118
667757058 667757056 75
667757057 667757058 76
268931267 5105301821 54
3084209279 2049663687 333
1480092683 403874915 260
5499217661 1480092683 251
1480092681 5499217661 251
644607774 1480092681 218
5340879535 644607774 207
5340879535 3942452779 183
621817298 672787188 1009
4061971349 621817298 858
667762090 4061971349 859
3799979962 667762090 841
621817303 3799979962 841
4061971347 621817303 843
637577354 4061971347 842
4061975258 637577354 889
621817310 4061975258 890
4061975256 621817310 949
60796710 4061975256 949
4577776877 4577776881 99
4577776881 4577776882 99
403816048 635899054 67
682685525 403816048 65
1235750050 1235750059 316
1235750059 1428448783 323
1428448783 2174786547 325
2174786547 258030070 567
3964896717 3964896716 1004
674684731 3964896716 75
5136285977 674684731 77
5136285973 5136285977 11
61802472 4422645697 63
4422645697 654172782 114
654172782 1924790783 2
1924790783 654172787 1
637633701 1346379028 569
1346379027 1346379028 678
679749338 1346379027 722
1346377753 1346377747 1259
621997497 675904179 41
675904179 675904181 45
675889413 675889418 107
324700966 3187945992 135
3187945992 3187946177 130
3187946177 1475787295 181
1475787295 3816444792 173
3816444792 3816444794 176
3816444794 3816444796 165
3816444796 3816444780 160
3816444780 403815971 143
403815982 325663372 249
325663372 325663373 16
2066330703 4504963663 43
654176478 654176482 32
654193249 313411337 9
654193249 599141445 60
599141445 654193250 69
654193250 654193251 70
654193251 654172185 73
654172185 3799581324 76
3799581324 3799898172 78
3799898172 324703432 78
324703432 3307487922 87
3307487922 681537156 90
681537156 669214865 93
669214865 3186396762 85
3186396762 3895120728 76
3895120728 3895120725 78
3895120725 3186529287 75
3186529287 3186529273 77
403815995 3186529273 17
1217563126 403815995 10
403816020 1217563126 7
403816020 403816015 199
1839459818 2464933228 402
667756379 667756382 72
674059430 673996054 25
675904221 666903979 1531
3187821088 313411340 410
654187278 3187821088 418
654187278 669214865 140
3186529273 3186529294 87
3187945565 3186529294 484
682652875 3187945565 491
654159861 682652875 682
403816011 654159861 742
682685548 403816011 819
91031400 682685548 836
91031409 91031400 834
91031447 91031409 897
3186417204 91031447 894
682687439 3186417204 911
682687439 665246977 105
665246977 3764587040 114
3764587040 255258029 335
255258029 3141171386 314
3141171386 3922266705 323
3822116980 3824991118 277
666881493 620384473 140
3832039365 3832039366 3
2094306222 2094306170 3
2094306170 653114102 13
653114102 653114103 18
675967512 675967505 251
675967505 675967516 259
675967516 666881288 271
618700092 2049590787 13
2049590787 651703289 47
3136286192 1280868419 319
1280868419 654148521 321
654148521 654148520 89
269351924 269351926 278
206594633 672613449 597
3742323077 129616156 577
129616156 672613440 631
672613440 672613436 598
672613436 5425923159 598
5425923159 672613433 600
619234414 653145894 46
653145901 619234414 60
3799580291 653145901 52
3799580296 3799580291 41
1431462331 3799580296 40
1431462331 653145914 20
3799581323 653145914 49
666872888 666872923 57
666872923 191812187 297
191812187 666872973 79
675890834 4515020741 1579
4515020741 653109541 1578
4324781730 60796691 126
2160858636 4194771754 187
4194771754 1908190695 185
4177464776 3648987752 750
2560879667 2560879663 58
2560879663 5272770101 789
5272770101 3648987773 768
3648987773 3648987764 797
3648987764 1863871393 798
60796731 127657322 125
191794735 191794675 491
599137132 599137175 273
599137175 5180475383 487
5180475383 666882270 20
403815968 91031758 27
91031758 91031698 47
91031698 91031676 65
91031676 91031361 29
91031361 91031378 46
3237729273 617172485 186
617172485 3237729271 214
3237729271 208540813 327
4047040875 2329107832 48
2034242967 2034243032 231
2034243032 5203938965 228
5203938965 5399316247 224
5399316247 618532491 238
618532491 2117500121 272
2117500121 3150410545 129
3150410545 635914018 169
653148593 2093029550 59
2093029550 2093029548 53
2093029548 696458427 104
696458427 653148592 101
696453458 696453457 20
2117500119 682080736 693
682080736 5398149488 688
5398149488 2034242968 688
2034242968 3301622608 685
3301622608 645091816 692
645091816 646872994 710
646872994 618540121 718
618540121 618543041 760
618543041 646872995 795
646872995 4793209901 803
4793209901 4793209898 175
4793209898 662901136 216
662901136 1985256177 952
1985256177 618542191 945
619274824 2143730220 23
1839459841 2143730220 476
1863456310 2105382093 333
2105382093 4577776880 321
4577776880 1863459263 185
1863459263 5372968715 146
5372968715 3136385193 136
1280869013 1280869012 28
91031676 681527552 46
681527552 91031254 244
3073680145 3073680147 118
672613543 672613489 95
672613489 672613527 120
1838393568 2077643785 67
2077643785 1838393582 54
666892430 1838393582 11
4324744384 3799979988 7
2394811103 2394811175 14
62782832 3164393668 893
2083191662 4515020744 35
651263576 4515020744 22
662866641 651263576 391
403875011 618540121 159
2094306204 403875011 137
973592787 2094306204 353
682081241 973592787 325
682081219 682081241 318
2094306222 682081219 316
2094306192 2094306222 314
4678327361 2094306192 315
270333433 4678327361 311
653129377 270333433 302
270333419 653129377 388
270333419 270333418 92
2094306193 4967065459 6
4967065459 5220461443 929
1985256154 2077727759 27
678334823 666859676 83
678334826 678334823 67
666859644 678334826 54
666859644 666859651 28
666859651 666859689 32
2077643790 1838419532 45
1838419471 2077643790 49
2077643765 1838419471 56
3529517800 3529517796 20
3529517796 3529517798 20
3529517798 673996055 23
673996055 673996044 24
673996044 673996054 48
2034206221 674059430 28
2034206221 5490514280 38
5490514280 674059427 41
674059427 4177495982 25
4177495982 5490514273 25
5490514273 252537811 25
674880285 674880248 1459
679004916 127657790 105
127657790 5635884173 1002
1839459799 666881127 324
666881127 2083191641 354
2083191641 599137111 363
599137111 672161194 361
672161194 2160901125 388
2160901125 253026147 172
253026147 626487870 72
667756352 2034206077 108
667756367 2034206077 28
60796740 667756367 64
672787173 621817291 1020
2077643794 599132998 91
672613504 619035561 1248
674875046 672613504 1207
672613498 674875046 1170
5105301774 672613498 1147
5105301770 5105301774 1135
258030081 5105301770 1143
127660923 258030081 1123
635164770 127660923 1555
4582447380 635164770 1537
635854505 4582447380 1352
666903877 635854505 1316
666881145 666881370 237
599137175 666881145 196
2126165439 625772945 166
2464933216 2464933228 31
255671532 618747790 372
618747790 670813555 116
5027356302 670813555 130
5027356302 662866641 99
652533088 3964896716 90
652533088 1307348559 1535
1307348559 2066330706 37
2066330706 2066330720 43
2066330720 1428449258 24
644608075 3528725848 70
2094344646 644608075 60
644608081 2094344646 54
618543188 644608081 33
5340879557 618543188 17
5590624755 5340879557 16
644608084 5590624755 16
3893005431 644608084 16
268931381 259648471 367
268931386 268931381 346
3452758773 268931386 354
3800084621 3452758773 112
3800084621 4478372449 125
4478372449 4478372454 96
4478372454 1934706175 116
619732378 619732398 1860
619732398 646762530 952
5635884173 1278079706 1000
679004911 127657770 184
2077643788 4177456124 96
4177456124 4177456126 97
3610826710 3136286192 240
3186504907 682687439 787
4527676073 3187945565 6
4527676073 403815995 19
1977879401 1977879432 431
313410279 1924788509 92
1924788509 1924788393 86
1924788393 3799580301 70
3799580301 1924788479 69
618543221 5340879529 41
618543221 3993511260 22
3993511260 5340879531 17
5340879533 5340879531 8
667276053 635850041 311
635850041 5556846132 344
5556846132 5556846130 360
5556846130 635850065 439
5135403002 3324635905 290
3324635905 240378561 288
240378561 4814709483 329
4814709483 3954317206 350
3954317206 653145820 350
653145820 3799693435 342
3799693435 654187034 341
654187034 2074257289 270
2074257289 4197208385 255
4197208385 1908190761 255
1908190761 681584663 251
654186980 1908190854 329
1908190854 1908191051 325
1908191051 1908190479 270
1908190479 654186925 264
654186925 3799898291 32
654186844 3799898291 18
654186838 654186844 14
618532479 3150410546 552
3150410546 2096519112 567
2096519112 5203938302 509
5203938302 2034242898 510
2034242898 646892365 511
646892365 4678368698 503
4678368698 4678368700 504
4678368700 403874820 475
403874820 3192348781 683
4568328231 2419586584 3
2419586584 3964854159 187
3964854159 3964854163 187
2077643773 2077643794 82
2077643794 1838419541 30
653109310 653109313 166
653109313 672152827 198
2077643750 2077643761 30
2077643761 2077643760 38
2077643760 1838393559 46
1838393559 1838393568 48
666892448 2077643785 23
672773913 672773908 19
3774751812 672600049 2
672600049 672600050 35
672613494 672600050 527
281864258 672613494 496
667276044 667276047 9
667276044 3774751858 125
3774751858 675967199 86
639804463 674866760 73
674866754 639804463 63
674866754 674866749 58
1839445241 1839445145 129
1839445145 599809021 100
3073680146 3073680145 150
91031788 3073680147 60
91031788 403816057 63
403816057 2394811102 50
2394811102 403816031 48
403816031 2826701818 40
60796694 637577354 142
3668778566 1977879432 257
4328912486 4328944046 44
4328944046 3816448619 27
654172782 3799580317 103
3799581342 654186978 84
654186978 654186935 83
654186935 654189234 79
654189234 1133127263 64
1133127263 2074266496 58
2074266496 1908191087 47
1908191087 2074266506 36
2074266506 1908191023 6
1908191023 1908190895 3
3452758773 259648474 224
2083152241 3800084621 14
619732398 619732396 902
5058440382 240378558 293
240378558 5135403002 294
5135403002 5135403001 8
5135403001 653145856 191
653145856 653145848 188
3166483451 635914022 517
635914022 653129387 507
653129387 619274598 514
619274598 619274591 502
681770219 3646111628 46
5216939985 681770219 42
618540079 5216939985 35
2083191909 619224223 159
653148591 696463097 77
696463097 696463086 95
696463086 2093030672 99
2093030672 2093030680 38
2093030680 696464252 55
653145848 5058440381 188
91031771 682685525 54
324702666 91031771 64
91032431 324702666 44
91032431 3799898171 35
3799898171 324701268 41
324701268 324701826 43
324701826 403816066 19
644607759 3942452779 104
644607675 644607759 108
683786337 644607675 105
3150410546 3150410545 581
3150410545 2117500119 551
403875010 645091816 34
646892443 403875010 33
2097910549 646892443 31
3799693368 3799693377 2
3799693368 654187129 34
654187129 3799736782 18
3799736782 654176482 11
325008948 240378561 199
679007195 679007196 9
60796694 4324781730 132
2034206077 2034206025 104
682080758 682080754 8
682080754 5029838136 4
1683151519 667276045 69
667276046 1683151519 36
3774751862 667276046 32
667276047 3774751862 27
3799979998 666881192 2
681977743 1131862364 178
1131862364 618534023 176
618534023 3307465963 177
3307465963 653145978 172
682000972 682001040 8
1924790778 1924790792 3
1924790787 1924790778 8
3191696092 681782551 895
681782417 681782551 10
681803146 681782417 49
675891030 675891019 10
1839459856 635914020 52
681782417 1839459856 56
3192306102 681803146 54
619297681 3192306102 54
635914019 619297681 89
3646111628 635914019 89
681770219 681770271 2
3800003068 3993517282 110
3993517282 3993517284 127
3993517284 662848126 138
662848126 3502137871 2398
3502137871 1428448780 927
1428448780 1235750059 915
679007196 679004922 969
679004922 662864863 983
672596342 672596320 39
1683151524 1683151528 864
674880248 5638009274 1071
5638009274 129616081 1069
129616081 678656242 1137
678656242 3638330372 1136
3638330372 129616067 1140
129616067 191816344 1302
191816344 673918243 1323
673918243 1683204288 1327
1683204288 619195352 855
619195352 1676479569 878
5296859499 4793220508 45
4793220508 1428440343 44
1428440343 4980173407 28
4980173407 5292445091 21
5292445091 618543130 34
618543130 3800051506 34
3800051506 3800051510 4
5375536095 5375536094 43
2049675488 269351945 20
2049675488 678334823 7
5184845299 5184845301 4
679749960 1346377742 239
679746560 618279941 216
599137123 653109536 65
666881341 599137123 40
2160901118 666881341 33
2160901118 2160901122 55
3529517803 644610715 14
3529517803 3529517802 15
5375518034 4865865969 133
60796643 5375518034 131
60796643 679008488 74
1839459857 976676997 43
2625442477 621817310 170
2625442477 3340898295 152
3340898295 4061971343 144
4061971343 667777121 134
667777121 2015103090 165
2015103090 667775975 166
667775975 667775953 37
667775953 4324724858 32
4324724858 4952412304 43
667775940 4952412304 491
667775934 667775940 29
667278652 599131275 3089
599131275 667278659 3049
667278659 674863797 3128
674863797 674863796 3139
674863796 675967288 3079
675967288 191792698 3078
191792698 675967282 3133
675967282 3416291127 90
652549503 5202849311 21
3538180787 3538150716 187
3538150716 3949425363 186
3949425363 619259638 185
3073680146 619259638 191
3073680145 2394815255 86
2394815255 619259646 86
619259646 403816037 68
403816037 2342928348 65
2342928348 403816034 64
403816034 3073676026 65
3073676026 1252119243 64
1252119243 91031771 30
91031771 324701832 38
324701832 3816444794 75
1863416593 1863416600 220
1863416600 3922504222 191
3922504222 3922504210 198
3922504210 1863416592 198
1863416592 5184845299 67
5184845299 3645629482 64
3964910415 674684720 999
268931810 679008490 151
5375518032 268931810 123
5375518030 5375518032 122
3924374659 5375518030 137
5375518028 3924374659 140
5375518028 5375518024 138
5375518024 5375518023 27
2247712393 672600068 61
672600068 2247712425 60
665214509 666872923 301
3822138405 268931740 481
619274658 1839459813 43
1839459826 1839459813 25
3192307876 1839459826 26
91031758 325663373 17
91031387 325663373 20
91031387 91031389 58
3800003065 3800003068 107
662848126 1307349789 82
663255251 617172490 128
3825202161 91030247 990
1839459830 1839459837 13
1839459830 1839459857 40
682739980 3355420036 19
3355420036 2681923859 94
2681923859 2681923843 347
2681923843 2681923838 388
2096519112 618532491 57
618532491 5398105360 66
5398105360 646892329 67
646892520 646892329 39
2034242963 646892520 32
268931267 621835658 78
268931353 268931355 61
268931355 3416291128 58
2419586582 2419586584 171
2419586574 2419586582 169
2409510166 2419586574 175
644608081 618543181 31
618543181 2034243024 50
2034243024 5510036919 46
5510036919 5296859499 44
1428440343 1480092699 9
1480092699 5340883851 7
5340883851 1480092687 5
1480092687 4980173376 4
4980173376 4980187373 4
4980187373 4980173363 4
4980173363 4980173392 3
4980173392 5192500639 3
672152827 637633686 49
3331716412 2409510166 210
4003483003 4003483004 201
4003483004 3996590126 212
3996590126 1316756487 221
619176752 5152916556 100
644610788 5152916556 38
654187177 3799693339 39
654187177 313411340 127
3825202167 3343766422 48
3166483451 2464933205 68
2464933205 2464933216 24
2464933216 2083191689 70
2083191689 1839459852 71
5272770101 3648987752 239
324701314 324702111 175
313411337 3799693335 7
654187244 3799693335 5
654187244 599141393 27
599141393 599141392 29
1307336320 1280044917 521
666852574 62782832 604
1908190764 1908190880 82
654186927 1908190764 51
1908190449 654186927 82
1908190665 1908190449 79
654188699 1908190665 79
654188697 654188699 78
2095719615 654188697 78
4196421951 2095719615 78
1475787295 3816446849 7
3816446849 403815985 23
403815985 682652870 16
682652870 403815994 184
403815994 4527676073 16
682685576 324701314 178
667757059 4086334780 105
4086334780 127657418 101
3191696090 3191696089 235
3191696089 270333419 289
262620156 3136316335 39
4678368699 618532482 233
618532482 2034242967 227
91031409 91031741 60
91031741 91031740 56
91031740 91031732 55
91031732 91031618 49
91031618 91031658 54
91031658 91031157 41
91031157 91031171 208
91031171 681527552 181
91031254 3073676023 190
3073676023 4577768759 174
4577768759 4577776877 160
4577776877 4577776885 165
2105405964 2105382093 64
642994312 129616067 219
673918225 642994312 217
259648474 673918225 214
259648474 3800084605 177
268931129 667775913 511
667775913 4086332055 492
618279941 679751868 627
1839445218 5138797409 111
5138797409 5138797403 118
5138797403 1839445241 121
673918226 673918225 27
673918227 673918226 17
2851715079 2625442477 33
2851715079 2625442478 26
666872920 2152817006 109
621993757 666872920 104
5590849207 1683151522 111
4465447321 5590849207 110
599131250 4465447321 108
678373076 599131250 115
667276044 678373076 154
1434098804 666892396 116
1838393552 666892396 170
2077643777 1838393552 146
2077643777 2077643758 157
2077643758 666892399 172
2077643781 1838393510 77
667762091 672787173 932
672787188 667762091 929
672787189 672787188 31
3764721075 653109533 164
653109533 653109541 141
653109541 1963939816 125
675890548 675890554 28
1908190314 938664622 106
1908191010 1908190314 106
4199859616 1908191010 104
938664616 4199859616 104
670808586 618747790 211
4980173407 3192347722 11
3192347722 646892401 23
646892401 3192347675 14
3192347675 3192347705 10
3192347705 1480092668 9
5105301799 3085648503 30
3085648503 679010367 32
1838419530 637554742 28
637554743 1838419530 10
682652895 324703432 10
324703428 682652895 35
324703428 654172189 3
191814403 4513240969 1197
4328924651 5058440372 150
5058440372 4328944073 156
4328944073 4328924665 156
4328924665 403816081 156
403816081 4328944046 202
4328944046 1475787294 205
1475787294 1977879420 96
1977879420 3668778566 91
654172189 654172190 58
667277676 667277674 5
681551868 681553772 19
654187129 681551868 32
654176482 3895131670 15
3895131670 654176492 9
674866640 3752482613 71
674866760 674866640 72
666881192 666881196 12
666881196 2160901120 8
599131275 599131273 28
696458437 696458440 40
669217870 3825202164 791
3825202164 91030442 105
1908190880 1908190451 78
1908190451 1908191035 65
1908191035 1908190436 65
675967282 637554702 2868
3188125401 3188323140 5
3188323140 3188345265 6
3188345265 3188345264 10
662338067 1307347927 1025
664420352 679746546 189
679746546 679749960 224
679749960 1346377747 10
1346377747 679749256 1114
766428152 766428151 60
3799977149 667762959 3
667762959 667762957 9
667762957 667762955 29
667762955 206597774 94
654193252 654187268 57
654187268 599141424 52
599141424 635899056 45
635899056 599141414 44
618540084 618540082 13
1863416592 1863416596 71
1863416596 3799955098 29
191799460 206593599 34
5105301797 5118046343 5
5105301797 672793825 23
667276045 5556846128 2408
5556846128 3774751866 2393
618540267 618540269 49
618540096 618540267 37
681829696 618540096 17
666881145 675890982 11
675890982 675890834 1414
653109541 665214513 1436
4196421949 4196421951 70
4196420357 4196421949 70
654188695 4196420357 68
1683151522 1683151523 785
1683151523 1683146667 778
1683146667 673918236 72
673918236 3774751854 116
3774751854 673918234 80
673918234 673918238 17
5340879544 644607680 4
5340879540 644607680 6
3942452779 5340879540 35
3774751866 3774751867 23
4817223844 4817223853 10
5042554770 5205505667 38
672789726 5042554770 36
672789728 672789726 25
3774751793 672600055 79
1908190567 654188533 74
1908191025 1908190567 67
1908190436 1908191025 65
2076894960 1908190764 12
2076894958 2076894960 8
1908190625 2076894958 4
1908190915 1908190625 3
1908190915 1908190990 1
3800051506 618543111 35
2034242893 618543111 9
2034242893 3893005780 1
3893005780 3893005778 4
3084209253 667775975 164
667775980 667775975 43
672777597 672777610 7
672777610 5028030263 8
5028030263 5404119348 6
5404119349 5404119348 5
2320511888 3205658329 7
3205658329 3205658276 9
3205658276 3205658278 13
3205658278 2320511886 13
127658086 681782501 48
253022302 637603462 2318
667762088 667762093 165
1839459813 2464933216 42
1985256189 1985256181 50
666881192 666881185 9
666881185 599137132 19
191816795 4003483003 151
2320511882 2320511891 20
2320511890 2320511882 4
2320511893 2320511890 3
2320511893 2105371083 13
3188336126 2105371083 10
2034206025 248608284 87
2034206245 248608284 167
191813007 675889362 9
2077643760 3085695785 7
672161194 1839459802 34
1839459802 1839459797 13
1839459838 1839459797 10
667757055 667757056 106
667756614 667756352 84
129616081 678465352 85
678465352 642994307 66
2407680843 5635884171 104
5635884171 5635884189 98
5635884189 679004918 100
679004918 679004916 101
3781732854 2681923843 85
4865865969 672771681 118
672771681 5194441199 127
4354715891 1434072709 215
3187821074 3187821086 5
3187822045 3187821074 4
3187822041 3187822045 4
3187822041 3187822048 5
3187822048 313411340 6
621835650 621835658 19
5203938965 5398105360 3
667278652 667278654 5
667775953 3274258938 7
5363740458 3188336116 64
3188336119 3188336116 16
3188336119 3188336121 12
681872447 681829575 21
3381615498 681872447 25
3381615498 618540269 25
618540267 618540126 18
618540126 681816416 21
681816456 681816416 23
681816456 618540081 1
5152916551 5152916556 47
5152916552 5152916551 17
1480092676 1480092681 28
619732407 619732410 605
619732438 127657790 809
667276047 667276049 29
667755908 621993828 119
3961886335 621996944 17
403815983 682685546 12
682685546 91031394 26
91031394 91031741 31
1252119243 91031788 10
2304486095 3205658317 9
3205658317 3205658306 9
325663372 91031389 190
91031389 91031394 33
1252119891 403816034 8
621816440 5217865782 1449
5217865782 1039392992 1511
2034206009 252537806 8
2034206009 2034206233 2
653109542 1839459799 276
1839459799 1839459832 12
672596329 672591931 82
672596329 3803480402 674
3803480402 672596769 681
672596769 2247695870 440
672600050 281864794 470
1428445677 683787619 4
644607663 1428445677 4
644607675 644607663 2
1838393516 1838393559 15
675891088 678315641 20
269351943 678315641 21
3237729271 663255251 6
4046406245 599141414 41
696458437 696458454 24
696458454 696458450 18
3906042813 696458450 12
1683151517 3822164769 37
3822164769 5590849212 419
1428449258 650721754 18
696463086 696463082 9
3742220440 60796751 848
91031378 403815972 28
2077643765 2077643768 208
681871970 681871955 100
654186980 654186978 7
1908190813 1908191051 35
618540082 618540081 13
3799979988 4324745337 14
1683151516 667276053 178
2015171173 1434072707 38
3799736775 1863456310 342
2394811170 403816051 34
403816051 403816061 44
403816061 403816052 49
403816052 403816056 52
618543221 644607759 3
644610778 618543221 6
618543190 644610778 5
618543190 618543188 8
208540781 1839445251 3
672787187 672787184 11
654187186 3895125153 39
5058440381 4328924651 98
4328924651 4328924652 12
654176566 4328924652 15
654176566 969057655 27
969057655 240378550 24
1683146667 5590829445 682
5590829445 5424881747 682
5424881747 1683151524 680
674880256 5037942619 4
674880256 5638009261 1
674684720 652533088 1186
2131864632 652533088 58
2131864632 2105178534 20
2560859839 2105178534 9
678343144 621993848 4
621993848 621993838 89
3764721073 3764721074 201
3764721074 3764721075 230
667755906 667755908 103
4177456127 4177456128 13
4177456128 2077643788 69
2077643788 1838419669 11
5220461443 3191696092 746
672613470 4985254048 21
4985254048 672613475 26
672613475 129616108 424
129616108 129616107 437
91031535 3764587040 29
313411337 654193258 86
654193258 4304782805 84
5363740466 2320511888 40
2320511888 3205658333 13
3205658333 3205658335 8
2105371083 3205658335 6
667278656 667278657 31
5029825706 5029825703 1
5029825703 682080794 14
682080791 682080794 6
4814710056 4199843007 52
325008948 4814710056 53
240378561 4814709482 25
4709558104 679007196 744
672613539 672613542 116
938664622 938664605 46
938664605 325008948 116
2077643777 1838393523 12
1838393523 675889397 36
675889402 675889397 46
599141434 654193252 73
313411335 599141434 290
654176492 654176466 6
654176466 3799693371 5
3799693371 654176506 7
654176506 1148012647 28
1148012647 3799693378 28
3799693378 654176571 26
654176571 4046407231 26
681782185 3191696091 207
127658263 681782185 209
672600071 2247712416 42
2247712416 2247712393 41
2247712393 2247712423 22
2247712423 2247712413 50
5635884162 5635884169 79
5635884169 3964854161 85
3964854161 2407680843 85
5635884170 5635884171 5
672787170 2826701440 69
672787170 672787169 36
672787163 672787169 4
2648621816 2648621808 11
2648621808 2648621788 11
3186505821 2648621788 21
3186505821 3186505825 20
2681929088 3186505825 17
3822138073 3822138405 63
2049602836 618294356 3
672802188 672802192 4
672802185 672802188 8
672802182 672802185 5
5042686222 672802182 2
678373045 667276045 1893
678315653 678315645 12
678315653 678315647 136
973592789 973592787 22
619259646 619259591 5
619259591 1863456350 24
1863456350 1863456310 27
672789718 672789719 11
672789718 672789713 3
644610715 673996033 15
673996033 673996044 15
667756614 2034206231 28
2034206231 667756619 18
667756619 2034206135 17
2034206135 2034206128 10
3192347735 2097910549 2
681871729 681872201 45
1280869006 91030442 187
1280869006 1280869012 66
127659394 666859634 117
666859634 269351944 104
5138823124 269351944 48
675890794 675890806 20
678287427 618747738 67
670813556 678287427 64
3186504909 3186505821 4
2648621788 682739974 12
1369209676 3084209269 69
1148012525 3799693387 25
3799693387 4777983322 24
4777983322 654186918 23
672798175 672798177 8
1863871393 672596324 531
672596324 5105301810 8
678471113 674880233 7
678471113 642994307 11
4304782805 313411339 72
635901000 313411335 262
599141434 1977879391 339
665277151 619732407 494
3931631398 619732407 22
646892520 2034242905 7
2034242963 3192348779 2
681872075 681977803 29
681977803 681977893 19
639804448 5206941834 94
3752482613 639804448 92
268931358 268931359 3
268931357 268931359 15
268931357 268931355 23
4177456119 4177456130 55
4177456130 4177456132 54
4177456132 4177456128 56
5105301813 674866749 30
2160901122 666881185 30
653109542 599137132 195
696453466 696453461 4
696453461 696453467 3
1877145463 1877145458 17
672596296 1877145463 18
639804497 672596296 39
672777639 672777601 28
672777638 672777639 27
618286969 3677709796 90
3677709795 3677709796 39
91031389 91031740 137
2083152299 667755902 3
2083152299 2015142280 139
2015142280 4354715891 148
642982001 1792664493 15
642982080 642982001 32
642982079 642982080 45
675890751 675891088 1
621817291 667762099 646
667762099 3085648495 651
644610708 673996031 11
644610708 673996086 10
3892990739 3892990741 5
681553776 681553781 14
681551875 681553776 15
679007194 2409600776 16
644608097 644608098 12
696463096 2979728509 30
2979728509 2979684792 17
2979684792 2979728523 7
1838393493 666892400 32
681527392 653145901 6
2143730220 646802662 268
646802662 3166483451 295
619297728 2464933205 31
1934706175 2083152249 24
672152827 679749257 120
667756619 667756616 10
2034206215 667756616 11
2034206164 2034206215 12
3186529294 3186529295 267
3186529295 669214869 263
669214869 654187278 269
3799955104 3799955098 3
3799955104 3799955094 1
5058708135 2049590787 3
618540096 618540085 35
681871729 618540085 31
681871705 681871729 19
313410279 5000284901 20
681871802 681871705 15
3186505825 654155308 25
644610771 619176752 73
654166213 654166210 5
667756306 667756302 6
1683151523 673918230 20
672787172 672787171 6
672787172 4568295121 10
682080943 973592789 6
682080938 682080943 4
618540269 682080938 24
679007188 127658282 25
678334771 678334773 18
3800051558 5340918894 1
5340918894 618543098 2
618543098 618543091 28
618543091 3166497493 22
3166497493 618543084 24
682722952 682722965 8
618700103 682722965 186
681872075 681872145 20
639804505 4991421337 28
4991421337 672592568 20
672592568 639804497 32
672596296 672596271 45
642982026 672596271 93
642982036 642982026 93
2083152277 642982036 97
2083152277 1877145472 6
667759342 667757057 3
3192347722 5292445091 10
679749338 618279941 307
667775890 2066084087 21
2066084087 667775913 15
191792698 599132988 38
675967437 675967434 6
1252119243 1252119251 21
1252119251 1252119242 19
1252119242 324702665 23
5333484035 5333484036 4
654155308 3922266717 13
654155308 3922266716 7
270333433 682081122 8
682081122 653129375 7
653129375 682081263 11
681816487 682081263 8
3800084606 639804497 5
3800084606 672592616 10
672592616 639804521 36
4504963663 618500301 26
675904191 675904179 19
3891743778 618543098 20
618543111 3891743778 21
667755910 667755906 70
621993828 2083152299 109
1863871417 2583327890 17
2583327890 621809121 18
679010370 621809121 18
679010367 679010370 18
619274621 3192307875 14
3192307877 3192307875 4
3742213241 3742213240 3
5333484041 5333484042 12
2560859837 2560859839 6
2560859839 2066330720 3
3799580283 1924788441 1
1924788441 3799580267 1
3799580267 3799581308 2
3799581308 3799581301 3
3799581301 2083191906 4
2083191906 1924788440 4
5136791088 4478323940 29
3799979994 4086342990 48
618542191 619297623 448
3150394234 619297623 41
621993838 667755910 77
621993855 621993838 75
2077643770 637554706 32
672596324 672596329 333
5340879544 644607663 1
2320511888 3205658296 19
3205658296 5363740460 5
1683204291 1708446065 1
3084209277 1369209676 100
2049663687 1369209676 145
3799693405 3799693416 7
3799693405 3954317138 4
3954317138 3799693402 4
3799693400 3799693402 2
3799693400 3954317141 1
667759348 667759349 21
678343082 678343071 52
678343071 1369195822 11
2160837300 2160837298 5
1838419666 2077643771 18
654186918 654187074 17
654187074 3799693405 17
3799693416 1908191039 8
3799581337 1908191039 10
3799581337 3799898256 11
3799898256 654187034 11
4061971343 4061971337 5
666859635 666859644 13
618266710 666859689 9
2083191909 1863416593 93
1863416603 1863416600 21
653145894 1863416603 26
1838393484 675889601 14
2077643750 1838393484 16
5000284901 403816066 9
1838393518 1838393552 2
1838393518 1838393523 13
5105301789 1978805478 1
1863871417 2083152233 22
2083152233 3803480402 22
654187157 3799581330 9
3205658322 3188345264 13
3188345264 3188125401 13
3799898164 3799898162 4
620384473 4515020731 534
4515020731 675890982 538
208540813 637633701 223
678343020 2160837298 31
667775890 678343020 29
253022194 667775890 20
253022194 268931129 1
3529517799 3529517797 19
2135832112 3529517799 7
618540126 2117504900 1
3339667810 665246977 9
635778722 2481055424 25
127660871 269351901 19
672787171 672787170 11
637633686 618279942 27
618279942 1346379027 20
3416291130 667278694 29
319877252 635164551 5
672773910 672771586 15
4937816454 4937816455 3
4937816455 4937816457 18
4937816457 2858762129 16
644610784 644610771 65
679007190 679007192 8
1908190225 1908191076 1
642982028 3752482622 67
3752482622 642982031 63
642982031 642982033 62
642982033 2083152277 58
654159860 403815988 26
654159861 654159860 25
3799979970 3799979972 5
1863416599 2083191909 57
646892329 2034242901 15
646892297 2034242901 3
2083152237 2083152249 13
2083152249 639804403 8
639804416 639804403 26
683787620 1428445671 1
1428445671 258030070 1
127658870 670808586 29
1252119242 3799898168 15
324702728 403816066 3
403816066 403816067 3
324702665 324701826 10
324701826 2095726278 13
3993505810 2094344665 1
2094344665 2094344673 1
2094344673 2094344661 1
127658568 127659394 48
3799581335 3799581333 1
2077643792 1434098804 30
4621990657 2077643792 19
1838393520 4621990657 20
1838393499 1838393520 15
639804403 639804396 21
3237729274 617172485 5
667276051 667276052 3
651703084 651703066 3
679008488 653453153 15
3742220437 3742220438 126
675904191 621996944 15
667278657 667278659 7
2481055431 2481055424 3
635778722 617169300 5
1417660423 5029825703 6
675891088 666852464 4
672777601 672777597 15
3922266705 3141171387 1
3141171387 248608286 3
3141171384 248608286 15
672779576 672779565 17
3799979995 3799979994 7
673080449 3800003065 12
3800003061 673080449 9
673080448 3800003061 9
1346379028 618744656 11
618744656 618286969 12
270333410 678343098 10
678343098 270333411 7
4478322854 270333411 3
3821556076 3781723192 15
675889601 3979350884 13
621835672 268931257 2
268931257 644621601 5
672787163 644621601 2
653145856 653145843 2
681872201 619274591 8
635079773 2077643792 10
635791587 678259158 6
678259152 678259158 3
672779565 5283109201 116
673918239 619195352 6
1908190256 2074257314 2
2074257314 2074257333 2
644610701 644610703 1
644610703 3993586915 1
644610705 3993586915 12
673996086 673996032 1
5027429124 670805315 5
129616088 5037942619 176
642994318 1683151524 2
1683151529 1683151522 67
1683151523 3774751807 1
3799898285 2083533215 1
2083533215 654189234 2
654186935 3799581346 1
3799581346 1908190258 1
1908190258 1908190932 1
1908190932 1908190457 1
1908190457 654186951 1
654186951 681584700 1
681584700 2083533193 1
2083533193 654186943 1
3954241650 654186943 3
3954241650 1908190320 2
1908190320 3752462151 2
3954316991 3752462151 3
3954316991 681588278 2
681588278 654186846 1
654186846 3954241344 1
2074257333 1908191044 1
2419545247 2419545294 1
644608112 644608071 2
644608071 644608069 2
644608069 2094344637 1
644608071 2094344653 1
673996035 673996037 3
673996037 3529517803 3
268931757 1280138189 1
1280138189 268931805 3
3141171386 3141171387 2
3141171384 3136385196 2
129616108 672613425 4
672613457 129616107 2
1863871393 1863871420 1
324700962 324701268 2
3993501524 3993501525 2
667759344 667759345 1
3774751813 3774751812 1
3774751812 672600048 1
672600048 672600049 1
675890150 1838393516 2
1908191039 1908191042 1
1908191042 3954316991 1
2077643768 2077643790 1
