6 9 18
10 17 16
0 20 0
7 12 22
1 17 8
0 7 22
13 17 6
14 17 20
2 22 4
1 6 16
0 10 8
3 7 6
2 5 24
1 11 8
16 19 30
5 8 16
3 24 0
8 24 0
6 7 54
4 19 10
9 21 8
17 20 36
6 10 12
5 18 4
17 24 2
11 22 0
10 18 6
0 17 0
7 19 0
12 17 10
0 4 52
13 20 10
18 20 32
8 15 6
4 10 2
2 6 10
9 14 10
15 18 20
5 11 8
4 5 54
3 23 2
10 13 14
8 21 12
14 24 2
5 24 4
4 16 12
19 24 0
10 24 0
9 16 12
6 23 4
5 21 10
11 21 0
10 23 6
7 22 6
17 18 60
12 22 10
2 17 4
14 16 22
0 1 82
13 23 0
3 12 8
1 12 10
8 12 12
4 15 10
2 11 0
16 18 28
5 14 10
14 18 14
3 18 4
10 14 14
8 18 4
6 13 16
4 21 0
11 15 18
9 19 10
7 8 50
6 16 14
21 24 8
11 16 4
1 21 8
7 21 16
22 23 24
19 22 20
2 18 10
0 14 18
3 11 8
1 15 0
8 9 72
4 12 8
2 12 4
15 19 30
3 17 4
14 22 6
21 23 24
6 14 28
0 21 12
7 15 4
17 21 26
12 13 38
1 16 0
0 24 0
7 24 0
13 16 12
12 24 4
2 23 0
1 5 20
0 11 4
16 22 10
3 6 18
18 24 2
1 10 4
21 22 22
16 17 50
14 21 16
9 20 18
6 11 12
5 17 2
10 19 6
0 18 6
7 18 4
12 18 16
1 19 12
0 5 50
16 23 4
13 19 12
17 23 4
2 24 0
18 21 18
0 8 20
23 24 12
4 11 10
3 5 26
2 7 20
9 13 14
5 10 14
4 6 38
3 22 12
18 22 0
8 22 0
5 7 40
4 17 10
9 23 6
6 20 0
5 20 10
15 20 22
11 20 0
10 20 10
7 17 8
17 22 6
12 23 8
15 21 22
14 19 16
0 2 56
13 22 4
3 15 4
1 3 28
8 13 6
4 8 8
2 8 12
5 13 8
3 21 0
10 15 18
8 19 6
4 22 2
11 14 12
14 20 18
9 18 2
7 11 8
6 17 6
5 23 8
11 19 8
1 20 8
7 20 4
12 20 10
2 19 4
0 15 20
14 23 2
19 20 56
3 10 2
1 14 12
8 10 16
4 13 2
2 13 12
9 11 30
4 24 0
3 16 2
9 24 0
8 16 10
6 15 22
11 13 18
0 22 20
7 14 10
6 18 8
12 14 26
1 23 4
13 15 10
2 20 8
1 4 28
0 12 8
20 23 6
3 9 12
2 3 56
1 9 14
2 14 4
15 24 0
6 8 30
5 16 18
20 24 6
10 16 4
0 19 6
7 13 14
12 19 12
1 18 8
0 6 34
18 23 0
13 18 10
15 17 36
1 7 16
0 9 24
16 21 18
19 21 24
3 4 74
2 4 28
9 12 6
5 9 14
4 7 16
10 11 58
8 23 0
5 6 48
4 18 8
9 22 8
15 22 6
6 21 2
5 19 6
11 23 0
10 21 8
0 16 20
7 16 8
6 24 4
12 16 10
11 24 4
0 3 38
16 24 4
13 21 2
3 14 24
20 22 12
1 2 40
8 14 22
4 9 16
2 9 8
9 15 8
5 12 4
3 20 0
10 12 20
8 20 16
15 16 52
4 23 10
9 17 6
7 10 12
6 22 12
5 22 0
11 18 8
10 22 18
7 23 2
12 21 4
2 16 10
1 24 4
17 19 22
22 24 8
13 24 0
3 13 18
1 13 0
8 11 24
15 23 2
4 14 6
2 10 6
9 10 58
5 15 12
3 19 8
8 17 2
6 12 20
4 20 0
11 12 70
18 19 44
0 23 0
7 9 24
6 19 14
12 15 30
11 17 10
1 22 0
13 14 86
2 21 0
0 13 8
3 8 14
20 21 76
1 8 10
19 23 8
2 15 0
14 15 58
16 20 42

